target,real_target,js,jv,time,action
[-0.16683783  0.10736763  0.10693569  0.41741073],[-0.16467182  0.11981688  0.11780976  0.44156829],[-0.16458453  0.1197296   0.11780976  0.44156829],[0. 0. 0. 0.],1727361693.676221,[ -9.76010378  26.08557289   0.98173664 -32.55098293]
[-0.1668886   0.10752525  0.10935712  0.4174362 ],[-0.1647591   0.11990417  0.11780976  0.44156829],[-0.16442971  0.11962925  0.11775522  0.44156829],[ 0.00309641 -0.00200707 -0.0010908   0.        ],1727361693.6777678,[  5.21999252  15.94028871   1.82262357 -31.84209034]
[-0.16716109  0.10755881  0.11149101  0.41749442],[-0.1647591   0.11990417  0.11780976  0.44156829],[-0.16446412  0.11954879  0.11770069  0.44156829],[-0.00068811 -0.00160907 -0.00109064  0.        ],1727361693.679318,[  5.73037783  15.81043668   1.34407032 -31.74956581]
[-0.16706489  0.10760881  0.11366513  0.41755113],[-0.1647591   0.11990417  0.11780976  0.44156829],[-0.16449846  0.1194684   0.11764615  0.44156829],[-0.00068695 -0.00160796 -0.00109072  0.        ],1727361693.6808085,[  5.31244957  15.63596352   0.8533586  -31.67538553]
[-0.16693716  0.10757193  0.11803816  0.4176282 ],[-0.1647591   0.11981695  0.11789697  0.44156829],[-0.16453286  0.11938807  0.11759161  0.44156829],[-0.00068794 -0.00160653 -0.00109078  0.        ],1727361693.6822925,[  4.96113706  15.59107175  -0.14287157 -31.56394771]
[-0.166997    0.10755643  0.11784144  0.41767234],[-0.1647591   0.11972973  0.11798419  0.44156829],[-0.1645673   0.11930776  0.1176581   0.44156829],[-0.00068872 -0.00160615  0.0013297   0.        ],1727361693.6838346,[  5.08809151  15.50246115  -0.03768382 -31.52147981]
[-0.16718785  0.1077188   0.11684047  0.41770378],[-0.16484638  0.11981701  0.11798419  0.44156829],[-0.16460172  0.11922749  0.11772458  0.44156829],[-0.00068847 -0.00160544  0.00132975  0.        ],1727361693.6853194,[  5.46658534  15.15669573   0.2052668  -31.48608471]
[-0.16711055  0.10789578  0.11927816  0.41767254],[-0.16493367  0.1199043   0.11798419  0.44156829],[-0.1646361   0.11914734  0.11767004  0.44156829],[-0.00068765 -0.0016029  -0.00109089  0.        ],1727361693.6867924,[  5.12760706  14.81520615  -0.37890857 -31.55737243]
[-0.16677354  0.10798994  0.11710637  0.416588  ],[-0.16484638  0.11990424  0.11798419  0.44069563],[-0.16467053  0.11906732  0.11773652  0.44156829],[-0.00068842 -0.00160059  0.00132963  0.        ],1727361693.6884153,[  4.24913126  14.59716146   0.16119546 -33.49453187]
[-0.16629502  0.10805719  0.11785657  0.41535348],[-0.1647591   0.11990417  0.11798419  0.43982297],[-0.16470503  0.11898736  0.11768198  0.44156829],[-0.00069016 -0.00159921 -0.0010909   0.        ],1727361693.689928,[  3.12114558  14.4067253   -0.04652148 -35.19612698]
[-0.1661472   0.10810052  0.11518158  0.41311255],[-0.16484638  0.11990424  0.11798419  0.43807764],[-0.16473963  0.11890745  0.11774846  0.44156829],[-0.00069195 -0.00159805  0.00132975  0.        ],1727361693.6914227,[  2.87001895  14.2474858    0.59234789 -38.63718262]
[-0.16581342  0.10814137  0.1147787   0.4106956 ],[-0.16493367  0.1199043   0.11798419  0.43633232],[-0.16477425  0.1188276   0.11769392  0.44156829],[-0.00069231 -0.00159713 -0.00109084  0.        ],1727361693.692985,[  2.02686895  14.0885231    0.64485771 -41.91203456]
[-0.16524489  0.10804469  0.1119011   0.4072813 ],[-0.16493367  0.11981695  0.11789697  0.43371433],[-0.16480891  0.11874778  0.11763938  0.44156829],[-0.00069333 -0.00159624 -0.00109082  0.        ],1727361693.6944463,[  0.67378317  14.13050658   1.29087942 -46.89768349]
[-0.16454408  0.10798603  0.10838389  0.4034811 ],[-0.16493367  0.1197296   0.11780976  0.43109635],[-0.16484364  0.11866796  0.11758484  0.44156829],[-0.00069463 -0.00159644 -0.00109071  0.        ],1727361693.6959162,[ -0.91560533  14.09711707   2.05911259 -52.09915086]
[-0.16334945  0.10801473  0.11057145  0.39712185],[-0.16493367  0.1197296   0.11798433  0.42586035],[-0.16467866  0.11858815  0.11753032  0.44156829],[ 0.00329968 -0.00159623 -0.00109056  0.        ],1727361693.6974936,[ -3.18333304  13.94136546   1.50835017 -61.72174093]
[-0.16283616  0.1081109   0.10788647  0.390564  ],[-0.16493367  0.1197296   0.1181589   0.42062435],[-0.16451514  0.11850838  0.11747578  0.44156829],[ 0.00327042 -0.00159539 -0.00109065  0.        ],1727361693.6990683,[ -3.64673556  13.69945232   2.13616406 -70.47341568]
[-0.16112301  0.10861173  0.11461852  0.38085663],[-0.16502088  0.1197296   0.11798433  0.41451569],[-0.164352    0.11842867  0.11742126  0.43625041],[ 0.00326271 -0.00159416 -0.00109052 -0.10635753],1727361693.7006333,[ -7.35869293  12.87514795   0.54819435 -75.22673088]
[-0.16033478  0.11098046  0.12295683  0.37179005],[-0.1651081   0.1197296   0.11780976  0.40840703],[-0.16419298  0.11834915  0.11736672  0.42246887],[ 0.00318052 -0.00159053 -0.00109078 -0.27563079],1727361693.702151,[ -8.31129658   9.37567878  -1.31442241 -64.63287741]
[-0.16788329  0.10967494  0.05512075  0.37062055],[-0.16519539  0.11972953  0.11754797  0.40055306],[-0.16403547  0.11827008  0.11743318  0.42246887],[ 0.00315024 -0.00158135  0.00132921  0.        ],1727361693.7036932,[ 11.07504732  11.52141253  14.39319094 -69.00113077]
[-0.16438572  0.1093003   0.0684588   0.3606532 ],[-0.16528268  0.11972947  0.11728618  0.39269909],[-0.16406856  0.11819078  0.11737984  0.41884167],[-0.00066188 -0.00158597 -0.00106686 -0.07254401],1727361693.7052348,[ -0.72677686  11.77777797  10.62764114 -79.85204305]
[-0.15793844  0.11454941  0.14767797  0.3438233 ],[-0.16536997  0.11972953  0.11763518  0.38309978],[-0.16390359  0.11811145  0.11732569  0.39659523],[ 0.00329946 -0.00158668 -0.00108288 -0.44492872],1727361693.706862,[-14.93990194   3.93800276  -7.47657795 -67.05900298]
[-0.17020957  0.11280818  0.05149115  0.34477976],[-0.16545725  0.1197296   0.11798419  0.37350047],[-0.16376576  0.11803263  0.11739181  0.39635064],[ 0.00275652 -0.00157642  0.0013224  -0.00489184],1727361693.7083895,[ 18.35172736   7.13458963  15.46837575 -67.49702387]
[-0.16538292  0.10843956  0.0607761   0.3314531 ],[-0.16554447  0.1197296   0.11789697  0.36215582],[-0.16379181  0.1179537   0.11733891  0.39610602],[-0.00052092 -0.00157845 -0.00105814 -0.00489234],1727361693.7098615,[  1.41542073  13.1736475   12.34969082 -91.62121109]
[-0.14780235  0.12286323  0.20194289  0.30629608],[-0.16563168  0.1197296   0.11780976  0.35081118],[-0.16382648  0.11787412  0.11728503  0.34610602],[-6.93423915e-04 -1.59159880e-03 -1.07758894e-03 -1.00000000e+00],1727361693.7113574,[-40.42377554  -8.66480971 -20.04823388 -40.62447576]
[-0.1782543   0.12331384  0.04703121  0.3142733 ],[-0.16571897  0.11972953  0.11780976  0.33859389],[-0.1624481   0.11799419  0.11734145  0.34610602],[0.02756762 0.00240129 0.00112841 0.        ],1727361693.712884,[ 45.56339627  -7.06932515  17.03033061 -38.19011485]
[-0.17243408  0.1092663   0.0528992   0.3050198 ],[-0.16580625  0.11972947  0.11780976  0.32637659],[-0.16536381  0.11811413  0.11728946  0.34610602],[-0.05831428  0.00239887 -0.00103963  0.        ],1727361693.714367,[ 11.33838223  13.71019729  14.10618376 -58.67549564]
[-0.16557725  0.11483373  0.10745268  0.28653118],[-0.16598082  0.11981682  0.11780976  0.31328662],[-0.16539683  0.11803443  0.11723603  0.34610602],[-0.00066043 -0.00159408 -0.00106874  0.        ],1727361693.7159884,[ -2.3347623    3.41535636   1.60190021 -87.51331638]
[-0.14628981  0.12530622  0.18908623  0.2583047 ],[-0.1661554   0.11990417  0.11780976  0.30019665],[-0.16523261  0.11795562  0.1171815   0.31031117],[ 0.00328443 -0.0015762  -0.00109057 -0.71589698],1727361693.7174647,[-47.11736302 -11.21543154 -16.64245545 -65.0157621 ]
[-0.17412545  0.12251397  0.07695119  0.26377815],[-0.16624261  0.11981682  0.11780976  0.28710666],[-0.16148302  0.11807599  0.11724374  0.31031117],[0.07499176 0.0024075  0.00124482 0.        ],1727361693.7189238,[ 38.85461338  -5.44058602   9.99530872 -58.79631538]
[-0.16770191  0.1202835   0.03257525  0.2449384 ],[-0.16632983  0.11972947  0.11780976  0.27401668],[-0.16220408  0.11819585  0.11718953  0.31031117],[-0.01442119  0.00239713 -0.00108423  0.        ],1727361693.7204359,[  8.67836229  -2.41875474  19.06190394 -95.33514151]
[-0.15684369  0.12541324  0.21191278  0.21797799],[-0.16641711  0.11964231  0.11780976  0.26005405],[-0.16223786  0.11831561  0.11713956  0.26031117],[-6.75610171e-04  2.39515871e-03 -9.99287229e-04 -1.00000000e+00],1727361693.7219172,[-15.56090959 -10.08711049 -22.65833447 -44.82080316]
[-0.18237293  0.12519507  0.02933646  0.22681737],[-0.1665044   0.11955516  0.11780976  0.24609143],[-0.16210334  0.11843583  0.11718661  0.26031117],[0.00269055 0.00240442 0.00094096 0.        ],1727361693.723382,[ 52.46471049  -8.87369247  21.1678771  -39.96893226]
[-0.16923666  0.11972541  0.06593118  0.21070951],[-0.16667897  0.11964238  0.11772241  0.23387412],[-0.1712028   0.11855592  0.11714041  0.26031117],[-0.18198934  0.00240181 -0.00092399  0.        ],1727361693.7249932,[-12.86119997  -0.74237804  10.89669201 -73.20595607]
[-0.15175009  0.12136055  0.09082911  0.19223179],[-0.16685355  0.1197296   0.11763506  0.22165681],[-0.1710556   0.11867565  0.1170863   0.24989694],[ 0.00294403  0.00239459 -0.00108216 -0.20828478],1727361693.726549,[-47.17329226  -3.76131573   5.52506503 -79.98846791]
[-0.14989078  0.12915932  0.13972059  0.17679386],[-0.16694076  0.11964225  0.11763519  0.20769418],[-0.16725864  0.11879545  0.11703184  0.22763326],[ 0.07593929  0.00239601 -0.00108922 -0.44527341],1727361693.7280138,[-35.5361682  -14.78116359  -5.48489908 -63.83164441]
[-0.1630114   0.12044819  0.06946363  0.16813764],[-0.16702798  0.11955489  0.11763532  0.19373155],[-0.16667915  0.11891669  0.11709813  0.22763326],[0.01158985 0.00242476 0.00132577 0.        ],1727361693.7296102,[ -2.27320169  -0.75538464  11.18845037 -82.68922515]
[-0.15332268  0.12796262  0.16180861  0.14124593],[-0.16720255  0.11964225  0.1175481   0.17715092],[-0.1665147   0.11903642  0.11704406  0.20028945],[ 0.00328885  0.00239469 -0.00108137 -0.54687628],1727361693.7311485,[-31.3200888  -12.84266948 -10.77958339 -77.72042344]
[-0.16862865  0.12834416  0.07726114  0.13049442],[-0.16737711  0.1197296   0.11746088  0.16057029],[-0.16629117  0.11915712  0.11710962  0.18140597],[ 0.00447075  0.00241395  0.00131122 -0.37766965],1727361693.732692,[ 10.99774956 -12.16430089   9.61956614 -63.2999029 ]
[-0.1673796   0.12195663  0.04215675  0.11990248],[-0.16755162  0.11972953  0.11728631  0.14398967],[-0.16632435  0.11927768  0.11705538  0.18140597],[-0.00066366  0.00241114 -0.0010849   0.        ],1727361693.7343493,[  1.70080167  -2.60322876  16.83100461 -86.26874667]
[-0.15858182  0.12972468  0.17478281  0.09387292],[-0.16772613  0.11972947  0.11711174  0.12740904],[-0.16635907  0.11939745  0.11700326  0.14897957],[-0.00069452  0.00239552 -0.00104241 -0.64852804],1727361693.7359085,[-19.73090349 -14.72839573 -14.04889608 -69.6702822 ]
[-0.17326951  0.12299647  0.03884884  0.07931975],[-0.1679007   0.11955503  0.11684982  0.10995575],[-0.16625502  0.11951868  0.11706756  0.14363184],[ 0.0020811   0.00242455  0.00128605 -0.10695448],1727361693.7374268,[ 20.48229521  -3.60874945  18.57898114 -89.31058706]
[-0.15996864  0.12532116  0.15316753  0.05519757],[-0.16807526  0.11938059  0.1165879   0.09250245],[-0.16627586  0.11963848  0.11701701  0.10612371],[-4.16833186e-04  2.39612173e-03 -1.01104878e-03 -7.50162556e-01],1727361693.7388802,[-18.42548149  -7.81722677  -9.10595699 -60.79724454]
[-0.18000849  0.1227248   0.05535909  0.04832485],[-0.16824977  0.11938053  0.11658803  0.06981317],[-0.16615989  0.1197585   0.11708291  0.10612371],[0.00231948 0.00240032 0.001318   0.        ],1727361693.7403884,[ 36.87690394  -3.52609146  14.56581423 -79.59340096]
[-0.1706281   0.12328387  0.04153775  0.01378786],[-0.16842428  0.11938046  0.11658817  0.04712389],[-0.16662308  0.11987831  0.11702963  0.08384538],[-0.00926378  0.00239613 -0.00106556 -0.44556674],1727361693.7418368,[  4.4960991   -4.55831234  16.74699496 -98.3600813 ]
[-0.15325394  0.12555759  0.19475256 -0.02365065],[-0.16851156  0.11938053  0.11658803  0.02268923],[-0.16665761  0.11999815  0.11697745  0.03384538],[-6.90768641e-04  2.39684999e-03 -1.04355887e-03 -1.00000000e+00],1727361693.7433627,[-34.86574807  -7.64722259 -18.65545383 -69.86524591]
[-0.17528029  0.12499125  0.01858178 -0.0189821 ],[-0.16859885  0.11938059  0.1165879  -0.00174544],[-0.16615085  0.12011816  0.11703686  0.02848591],[ 0.01013527  0.00240016  0.00118814 -0.10718938],1727361693.7448087,[ 27.94955496  -6.33409604  23.43651836 -57.84432853]
[-0.17735793  0.12295017  0.05498817 -0.05576696],[-0.16886064  0.11946781  0.11667525 -0.02967054],[-0.16618797  0.12023808  0.11699823  0.02848591],[-0.00074229  0.00239852 -0.00077261  0.        ],1727361693.7462468,[  24.14839141   -3.27014738   13.27484737 -128.87051931]
[-0.15397103  0.1241466   0.1683504  -0.1173044 ],[-0.16912243  0.11955503  0.1167626  -0.05759565],[-0.16619148  0.12035789  0.11694456 -0.02151409],[-7.02458322e-05  2.39610434e-03 -1.07341252e-03 -1.00000000e+00],1727361693.7476664,[ -34.74717864   -5.1554428   -12.45251833 -131.98118169]
[-0.1646694   0.13210064  0.17283912 -0.12525636],[-0.16929693  0.11964231  0.1167626  -0.08028498],[-0.16569699  0.12047776  0.1170096  -0.07151409],[ 0.00988967  0.00239744  0.00130088 -1.        ],1727361693.749141,[  2.25783477 -16.46530738 -12.32708568 -50.75672497]
[-0.18865561  0.12251339  0.02694269 -0.12017236],[-0.16947143  0.1197296   0.1167626  -0.10297432],[-0.16573167  0.12059972  0.11707469 -0.07151409],[-0.00069358  0.00243917  0.00130182  0.        ],1727361693.750583,[ 57.33836633  -1.13413714  21.30033418 -61.78859535]
[-0.16656691  0.1102709   0.02684772 -0.15053923],[-0.16964599  0.1197296   0.1167626  -0.12915425],[-0.18071597  0.12071948  0.11702882 -0.07151409],[-0.29968602  0.00239523 -0.00091755  0.        ],1727361693.752023,[ -44.16349578   15.56438848   19.84033622 -118.88928457]
[-0.1212353   0.12230423  0.17492807 -0.2100681 ],[-0.16982056  0.1197296   0.1167626  -0.15533419],[-0.17821317  0.12063916  0.11697999 -0.12151409],[ 5.00561386e-02 -1.60637187e-03 -9.76500868e-04 -1.00000000e+00],1727361693.7534897,[-135.94115308   -3.93450024  -14.2417196  -121.46514777]
[-0.1484124   0.12878677  0.17807645 -0.22901636],[-0.17008235  0.11981682  0.11658816 -0.18325957],[-0.15604497  0.12075899  0.11704418 -0.17151409],[ 0.443364    0.00239661  0.00128381 -1.        ],1727361693.7549095,[  3.47025183 -11.5088249  -13.45818654 -60.99816481]
[-0.20741072  0.1248868   0.01593012 -0.22782771],[-0.17034414  0.11990403  0.11641373 -0.21118495],[-0.15607931  0.12087945  0.11710879 -0.17151409],[-0.0006868   0.00240916  0.00129224  0.        ],1727361693.7563868,[130.49085594  -4.71332956  23.89439551 -73.76344487]
[-0.18660246  0.10719174  0.01821335 -0.25166303],[-0.17043143  0.11981688  0.11641346 -0.23387428],[-0.17849644  0.12099931  0.11707238 -0.18366501],[-0.44834266  0.00239722 -0.00072836 -0.24301829],1727361693.7579198,[-7.19322589e-02  2.07799386e+01  2.17256028e+01 -9.53658870e+01]
[-0.14740083  0.12832151  0.17570333 -0.3045599 ],[-0.17051871  0.11972973  0.1164132  -0.2565636 ],[-0.17832907  0.12091483  0.11702761 -0.23366501],[ 3.34748083e-03 -1.68971305e-03 -8.95253763e-04 -1.00000000e+00],1727361693.7593532,[-80.00388332 -12.81810448 -14.49660782 -94.97175304]
[-0.1608656   0.1290944   0.1610478  -0.31881833],[-0.17069322  0.11972966  0.11632598 -0.28187083],[-0.15673614  0.12103554  0.11709165 -0.28366501],[ 0.43185854  0.00241431  0.0012807  -1.        ],1727361693.76077,[ 22.42931825 -10.7311959   -9.52198089 -29.24645818]
[-0.21073513  0.12277773  0.00862157 -0.31719255],[-0.17086773  0.1197296   0.11623876 -0.30717805],[-0.1567494   0.12115588  0.11715748 -0.28366501],[-0.00026515  0.00240682  0.00131658  0.        ],1727361693.762212,[132.45361286  -1.21802973  25.41501888 -43.47601203]
[-0.18754947  0.10685886  0.04852605 -0.3484736 ],[-0.17104229  0.11981695  0.11606419 -0.33335799],[-0.17917814  0.12127565  0.11713086 -0.28366501],[-0.44857486  0.0023954  -0.00053234  0.        ],1727361693.763684,[  -0.4577477    21.32947158   14.69055381 -100.5622557 ]
[-0.14710215  0.12245465  0.14804935 -0.40530983],[-0.17121686  0.1199043   0.11588962 -0.35953793],[-0.17901085  0.12119032  0.11707763 -0.33366501],[ 0.00334576 -0.00170668 -0.00106465 -1.        ],1727361693.7651207,[-82.54340449  -3.91695928  -7.81751246 -97.85252466]
[-0.16287884  0.12756774  0.17544487 -0.42299718],[-0.17139137  0.11990424  0.11588975 -0.38484515],[-0.15721822  0.12131016  0.11714371 -0.38366501],[ 0.43585272  0.00239673  0.0013216  -1.        ],1727361693.7665613,[ 26.61797675  -8.97582829 -13.10173586 -36.40839225]
[-0.21426365  0.12261835  0.01204274 -0.42003375],[-0.17156588  0.11990417  0.11588988 -0.41015238],[-0.15723703  0.12143029  0.11720849 -0.38366501],[-0.00037638  0.00240273  0.00129557  0.        ],1727361693.7681193,[139.40329844  -0.84147279  24.78421115 -46.58434855]
[-0.1844914   0.10716972  0.01818139 -0.44811216],[-0.17174038  0.11999132  0.11571545 -0.43371442],[-0.17967424  0.12155006  0.11717729 -0.38366501],[-0.4487441   0.00239534 -0.00062403  0.        ],1727361693.7695475,[-10.48177653  21.21394245  21.71690479 -98.54785972]
[-0.15283056  0.12449209  0.15015495 -0.502225  ],[-0.17191488  0.12007847  0.11554101 -0.45727646],[-0.17951901  0.12146491  0.1171325  -0.43366501],[ 3.10450379e-03 -1.70302809e-03 -8.95756050e-04 -1.00000000e+00],1727361693.7709587,[-68.17950282  -6.49141314  -8.59568511 -92.47332458]
[-0.17144108  0.12261743  0.093274   -0.5294275 ],[-0.17200216  0.12007854  0.113621   -0.48869219],[-0.16057291  0.12158486  0.11719848 -0.48366501],[ 0.37892201  0.00239904  0.00131958 -1.        ],1727361693.7724717,[ 37.49673515  -1.07704215   5.83741144 -49.46374345]
[-0.2115948   0.12467883 -0.01234362 -0.53306973],[-0.17208944  0.1200786   0.111701   -0.52010792],[-0.16110427  0.12170463  0.11714402 -0.48366501],[-0.01062715  0.00239546 -0.00108906  0.        ],1727361693.7740045,[121.12061229  -4.20428308  29.55135886 -66.96248632]
[-0.1905435   0.11025603 -0.05817117 -0.56735563],[-0.17217673  0.12016589  0.10646509 -0.54454267],[-0.18360896  0.12182449  0.11710815 -0.48399939],[-0.45009376  0.00239706 -0.00071749 -0.00668777],1727361693.7754405,[  -2.65043946   17.35519324   39.02303003 -126.32697862]
[-0.15189373  0.12209381 -0.01834037 -0.6255152 ],[-0.17226402  0.12025318  0.10122918 -0.56897742],[-0.18344232  0.12174328  0.11585392 -0.53399939],[ 0.00333276 -0.00162421 -0.0250846  -1.        ],1727361693.7769916,[ -81.08348519   -2.17141746   29.10860708 -124.71749511]
[-0.21260008  0.12271349 -0.04360864 -0.64625275],[-0.17235131  0.12025324  0.09485864 -0.59428465],[-0.16166282  0.12186307  0.11582873 -0.58399939],[ 4.35590024e-01  2.39593508e-03 -5.03793781e-04 -1.00000000e+00],1727361693.7785265,[138.92531122  -1.19420751  35.33067043 -68.12841792]
[-0.20622587  0.12235725 -0.07764351 -0.63565964],[-0.17243859  0.12025331  0.08848809 -0.61959189],[-0.18417732  0.12198285  0.11541886 -0.58603664],[-0.45029006  0.00239558 -0.00819746 -0.04074496],1727361693.7799885,[ 34.71086031  -0.42596653  42.81266032 -59.43981976]
[-0.1884906   0.11977225 -0.1041279  -0.673519  ],[-0.17217673  0.12016589  0.08299039 -0.64315394],[-0.18445919  0.12210262  0.11177963 -0.58603664],[-0.00563738  0.00239535 -0.07278446  0.        ],1727361693.7814598,[   1.33408668    3.46384198   47.72993616 -133.64928178]
[-0.1427323   0.11586998 -0.05039876 -0.7184682 ],[-0.17191488  0.12007847  0.07749269 -0.66671598],[-0.18449444  0.12202374  0.09914791 -0.63603664],[-7.05038532e-04 -1.57749687e-03 -2.52634471e-01 -1.00000000e+00],1727361693.782892,[-105.30719629    8.67109866   32.23134968 -106.38523789]
[-0.21927331  0.12263758 -0.08518496 -0.73780537],[-0.17069315  0.11999125  0.07216943 -0.69027776],[-0.16221347  0.12194467  0.09900958 -0.68603664],[ 0.44561946 -0.00158145 -0.00276654 -1.        ],1727361693.7843518,[158.1514027   -1.89616999  40.87204987 -53.61651304]
[-0.1916919   0.11976121 -0.11195782 -0.728055  ],[-0.16947143  0.11990403  0.06684618 -0.71383953],[-0.18473766  0.12206447  0.09688911 -0.68603664],[-0.45048368  0.00239587 -0.04240947  0.        ],1727361693.7857976,[ -5.18719687   3.46982191  46.19482001 -50.7841339 ]
[-0.16611597  0.11491129 -0.10823318 -0.755471  ],[-0.16790063  0.1199041   0.06309365 -0.73391098],[-0.18457305  0.12198559  0.08814457 -0.68603664],[ 0.00329211 -0.00157749 -0.17489086  0.        ],1727361693.7872572,[ -48.57718119   10.02205839   43.07741548 -104.81300437]
[-0.14068824  0.11704533 -0.09065902 -0.7958451 ],[-0.16632983  0.11990417  0.05934112 -0.75398242],[-0.17995202  0.12190641  0.0842546  -0.73603664],[ 0.09242054 -0.00158364 -0.07779936 -1.        ],1727361693.7887833,[-90.25081062   6.09933876  38.26463886 -74.32670263]
[-0.23865193  0.12222565 -0.12832591 -0.801323  ],[-0.16388638  0.11981682  0.0557633  -0.7696903 ],[-0.15786789  0.12182747  0.08325601 -0.74824514],[ 0.44168272 -0.00157882 -0.01997175 -0.24417005],1727361693.7902792,[216.08946995  -1.27956506  46.91764008 -66.83210907]
[-0.10978638  0.10661108 -0.10313241 -0.80714124],[-0.16144294  0.11972947  0.05218547 -0.78539819],[-0.18031606  0.12194725  0.07286183 -0.74860652],[-0.44896336  0.0023956  -0.20788362 -0.00722758],1727361693.7918007,[-206.96410716   22.49942099   38.36001049  -79.88512084]
[-0.17969596  0.1256604  -0.11797272 -0.82961386],[-0.15803955  0.11990403  0.04921831 -0.80110604],[-0.15810656  0.12185967  0.07183678 -0.77097205],[ 0.44419    -0.0017516  -0.02050097 -0.44731059],1727361693.7932947,[ 81.37992912  -7.7604328   41.89734813 -77.45859757]
[-0.13507195  0.11025281 -0.12112099 -0.8383901 ],[-0.15463616  0.1200786   0.04625115 -0.81681389],[-0.18049976  0.12197971  0.06902736 -0.78826199],[-0.44786414  0.00240079 -0.05618853 -0.34579877],1727361693.7947454,[-121.3221171    17.70553641   41.8360516   -62.08250149]
[-0.15241195  0.11320976 -0.11775967 -0.86128753],[-0.14913839  0.11955509  0.04415671 -0.82728598],[-0.15828755  0.12189827  0.06626642 -0.78826199],[ 0.44424416 -0.0016287  -0.05521863  0.        ],1727361693.7963114,[   3.2877401    11.03325207   40.42402666 -107.38446469]
[-0.0676292   0.10871832 -0.09164575 -0.8655186 ],[-0.14364062  0.11903159  0.04206226 -0.83775806],[-0.15832197  0.12181898  0.06440853 -0.83826199],[-6.88260159e-04 -1.58582893e-03 -3.71578259e-02 -1.00000000e+00],1727361693.7977474,[-222.93192191   17.92539364   34.04998624  -14.00974318]
[-0.20108172  0.126811   -0.14124063 -0.85310537],[-0.1377065   0.11955509  0.04005531 -0.84561199],[-0.13653035  0.1217374   0.06414206 -0.83826199],[ 0.43583244 -0.00163164 -0.00532941  0.        ],1727361693.7991593,[196.01644485  -9.3026209   45.68142232 -13.63492556]
[-0.0863677   0.1088732  -0.12076467 -0.85613465],[-0.13177238  0.1200786   0.03804835 -0.85346591],[-0.15861773  0.12185757  0.05648865 -0.83826199],[-0.44174776  0.0024035  -0.15306834  0.        ],1727361693.8006296,[-204.84760413   19.7281702    38.71218412  -25.04597975]
[-0.10628872  0.1145903  -0.12619033 -0.8721298 ],[-0.12304574  0.11938046  0.03569212 -0.85608405],[-0.13682068  0.1217744   0.05535506 -0.83826199],[ 0.43594106 -0.00166354 -0.02267175  0.        ],1727361693.8020895,[-47.39158453   8.6514752   39.98325218 -52.38317245]
[-0.07822877  0.10538546 -0.1186724  -0.8754143 ],[-0.11431909  0.11868231  0.03333588 -0.85870218],[-0.13302088  0.12169533  0.05371896 -0.83826199],[ 0.07599597 -0.00158135 -0.03272205  0.        ],1727361693.803513,[-124.06430322   22.8373003    37.83382434  -50.61762586]
[-0.13315451  0.11465376 -0.12919071 -0.8764438 ],[-0.10576695  0.11946774  0.03036872 -0.85870218],[-0.11167626  0.12160698  0.05284418 -0.83826199],[ 0.42689248 -0.00176706 -0.01749545  0.        ],1727361693.8050566,[ 74.90956319   7.83687554  40.14488304 -50.89420562]
[ 0.09556999  0.09950845 -0.14446168 -0.88300437],[-0.09721481  0.12025318  0.02740156 -0.85870218],[-0.13313546  0.12152796  0.05113151 -0.83826199],[-0.42918394 -0.00158029 -0.03425354  0.        ],1727361693.8064828,[-576.46667692   31.22565587   43.16716667  -62.20901815]
[-0.06231701  0.11590383 -0.13147762 -0.8781717 ],[-0.08665558  0.12025311  0.0242601  -0.85695675],[-0.11178832  0.12137079  0.04716979 -0.83826199],[ 0.42694264 -0.00314349 -0.07923433  0.        ],1727361693.808092,[-32.84850097   4.84340187  39.13161649 -50.36111064]
[ 0.11526571  0.0992011  -0.13997963 -0.8733587 ],[-0.07609634  0.12025304  0.02111863 -0.85521132],[-0.11147496  0.12129189  0.04589079 -0.83826199],[ 0.00626729 -0.00157788 -0.02557997  0.        ],1727361693.8096755,[-543.66121663   31.54304877   40.9643003   -44.01747376]
[-0.02692621  0.12009808 -0.11561505 -0.85856813],[-0.06492624  0.11859509  0.01928598 -0.85084799],[-0.09048308  0.12112824  0.04373334 -0.83826199],[ 0.41983756 -0.00327308 -0.043149    0.        ],1727361693.8111484,[-68.60471146  -1.65943129  34.78930466 -19.70458394]
[-0.0319954   0.10496012 -0.13038701 -0.8627107 ],[-0.05375615  0.11693714  0.01745332 -0.84648466],[-0.07266956  0.12124802  0.04339344 -0.83826199],[ 0.35627045  0.00239556 -0.00679801  0.        ],1727361693.812657,[-76.00235085  23.68737709  38.37717417 -34.26072434]
[-0.06645833  0.09150502 -0.15408152 -0.8509977 ],[-0.04101525  0.10428346  0.01701696 -0.84299406],[-0.05323215  0.1211574   0.04236777 -0.83826199],[ 0.38874825 -0.00181236 -0.02051333  0.        ],1727361693.8141253,[ 48.85788653  41.0570733   43.44734763 -11.1888487 ]
[ 0.09674636  0.05855455 -0.12047506 -0.8411487 ],[-0.02827436  0.09162979  0.01658061 -0.83950347],[-0.05813504  0.12017367  0.0381014  -0.83826199],[-0.09805791 -0.01967456 -0.08532748  0.        ],1727361693.815649,[-389.8692603    85.91999521   34.50506332    0.91710231]
[ 0.00180008  0.05047209 -0.12584804 -0.8425308 ],[-0.01710426  0.06937681  0.01457351 -0.83863077],[-0.03792284  0.08205529  0.03779211 -0.83826199],[ 0.40424406 -0.76236773 -0.00618569  0.        ],1727361693.8172638,[-37.6945249   37.38387305  36.05187667  -6.29824978]
[ 0.0561934   0.02029985 -0.13299657 -0.8369396 ],[-0.00593416  0.04712384  0.01256642 -0.83775806],[-0.03713505  0.08161463  0.03728419 -0.83826199],[ 0.01575578 -0.00881315 -0.01015858  0.        ],1727361693.8186986,[-216.15561191   85.19782512   37.52870631    4.42940739]
[ 0.03310439 -0.00156074 -0.12314896 -0.84073573],[ 0.00401421  0.02129304  0.01230464 -0.83775806],[-0.01719671  0.0437698   0.03648733 -0.83826199],[ 0.39876681 -0.75689656 -0.01593707  0.        ],1727361693.820315,[-88.19372837  57.54481668  35.01268772  -5.08754066]
[ 0.03547167 -0.02486877 -0.10488476 -0.8374875 ],[ 0.01396258 -0.00453776  0.01204285 -0.83775806],[ 0.00235242  0.02097958  0.03612215 -0.83826199],[ 0.39098256 -0.45580446 -0.0073036   0.        ],1727361693.8217807,[-62.45645828  60.59404945  30.83373666   2.58143647]
[-0.00913799 -0.04924084 -0.12382479 -0.83911103],[ 0.02330016 -0.03124141  0.01370093 -0.83775806],[ 0.01604423 -0.00781849  0.03604761 -0.83826199],[ 0.2738362  -0.57596131 -0.00149089  0.        ],1727361693.823267,[75.57829878 54.04298513 35.36209258 -1.89999346]
[ 0.19354637 -0.09133577 -0.11453262 -0.83943284],[ 0.03263773 -0.05794506  0.01535901 -0.83775806],[-0.00380916 -0.02239066  0.03563903 -0.83826199],[-0.39706774 -0.29144337 -0.00817149  0.        ],1727361693.824863,[-500.0639173    94.95321186   32.93998008   -1.6999517 ]
[ 0.05926286 -0.09509788 -0.11376347 -0.84244996],[ 0.04005537 -0.08028518  0.01562067 -0.83863077],[ 0.01572802 -0.05975126  0.03545969 -0.83826199],[ 0.39074351 -0.74721205 -0.00358681  0.        ],1727361693.8263533,[-30.44399401  41.84086475  32.81953589  -6.97634482]
[ 0.10733339 -0.12079402 -0.12065567 -0.84121644],[ 0.047473   -0.10262531  0.01588233 -0.83950347],[ 0.01588114 -0.06089868  0.03528817 -0.83826199],[ 0.00306247 -0.02294853 -0.00343038  0.        ],1727361693.827837,[-209.99549635   82.5811499    34.37539124   -3.3077495 ]
[ 0.09634337 -0.14900808 -0.10381092 -0.84865874],[ 0.05794495 -0.13089969  0.01631882 -0.84212136],[ 0.03519874 -0.09810571  0.03499206 -0.83826199],[ 0.38635204 -0.74414053 -0.00592222  0.        ],1727361693.8295088,[-115.86318401   65.90188548   30.36387642  -17.29599163]
[ 0.09918443 -0.17759559 -0.09494025 -0.84580153],[ 0.0684169  -0.15917407  0.01675531 -0.84473926],[ 0.05431047 -0.13253441  0.03493354 -0.83826199],[ 0.38223458 -0.68857404 -0.00117038  0.        ],1727361693.830954,[-87.38244529  58.64335706  28.48222759  -8.58072925]
[ 0.0505576  -0.19675359 -0.1232459  -0.85606897],[ 0.07845256 -0.18308506  0.01553345 -0.84473926],[ 0.07307479 -0.15739158  0.0349215  -0.83826199],[ 3.75286270e-01 -4.97143303e-01 -2.40797575e-04  0.00000000e+00],1727361693.8325255,[ 73.58607996  51.14081597  35.08202942 -28.43356762]
[ 0.1939771  -0.23293148 -0.12982094 -0.85125947],[ 0.08848821 -0.20699605  0.01431159 -0.84473926],[ 0.05388035 -0.16616312  0.03454812 -0.83826199],[-0.38388876 -0.17543084 -0.00746771  0.        ],1727361693.8340485,[-356.80708514   92.0631988    36.22370653  -14.84810516]
[ 0.13968818 -0.25315776 -0.11914204 -0.8543179 ],[ 0.10070553 -0.2358813   0.01588246 -0.84561196],[ 0.07280645 -0.20333225  0.03401257 -0.83826199],[ 0.37852203 -0.7433825  -0.01071099  0.        ],1727361693.8355234,[-110.965368     63.34076523   33.58097171  -22.66188779]
[ 0.15782371 -0.28228828 -0.10551588 -0.85563105],[ 0.11292285 -0.26476654  0.01745332 -0.84648466],[ 0.09154784 -0.23564403  0.0337869  -0.83826199],[ 0.37482775 -0.64623572 -0.00451343  0.        ],1727361693.8370512,[-138.27812602   61.11433114   30.50698458  -23.55741038]
[ 0.13425209 -0.30168828 -0.1330816  -0.86010313],[ 0.12592553 -0.28885211  0.01745332 -0.84648466],[ 0.11012225 -0.26512189  0.03372373 -0.83826199],[ 0.37148836 -0.58955721 -0.00126326  0.        ],1727361693.8386312,[-33.84264723  46.82289321  36.97439882 -30.97690408]
[ 0.16086707 -0.328911   -0.13666978 -0.85116327],[ 0.13892822 -0.31293768  0.01745332 -0.84648466],[ 0.11046553 -0.2687067   0.03304974 -0.83826199],[ 0.00686551 -0.07169607 -0.01347997  0.        ],1727361693.8401923,[-115.67972933   82.8583949    37.36766943  -12.73858389]
[ 0.17385262 -0.34907773 -0.12522535 -0.85779685],[ 0.1501856  -0.33135083  0.01762789 -0.84561196],[ 0.12887343 -0.30613458  0.03229086 -0.83826199],[ 0.36815792 -0.74855778 -0.01517752  0.        ],1727361693.8417902,[-91.87229792  54.21038164  34.5305563  -28.97012079]
[ 0.17346415 -0.3626051  -0.11692303 -0.85240513],[ 0.16144298 -0.34976399  0.01780247 -0.84473926],[ 0.14705414 -0.32119242  0.03197919 -0.83826199],[ 0.36361432 -0.30115679 -0.00623348  0.        ],1727361693.8433056,[-47.88808702  54.44534073  32.67165988 -16.08085805]
[ 0.19578557 -0.3932134  -0.11876073 -0.852248  ],[ 0.1793326  -0.3770784   0.01788968 -0.84299409],[ 0.150487   -0.33683061  0.03181698 -0.83826199],[ 0.06865719 -0.31276373 -0.0032441   0.        ],1727361693.8448606,[-102.1085185    76.5713858    33.14398485  -18.38612758]
[ 0.27299416 -0.42908412 -0.09753112 -0.84915704],[ 0.19722222 -0.40439281  0.0179769  -0.84124893],[ 0.1685556  -0.3745544   0.03162387 -0.83826199],[ 0.36137207 -0.7544757  -0.00386215  0.        ],1727361693.8463607,[-241.5540826    71.71358125   28.19815954  -12.89776772]
[ 0.24307677 -0.43651745 -0.13027117 -0.8455631 ],[ 0.20917772 -0.42254415  0.01797677 -0.8395035 ],[ 0.18650091 -0.41215211  0.03161694 -0.83826199],[ 3.58906021e-01 -7.51954283e-01 -1.38682814e-04  0.00000000e+00],1727361693.8479357,[-99.4047979   27.83788194  35.94533278  -7.91243162]
[ 0.2252427  -0.45167089 -0.10801008 -0.833622  ],[ 0.22113322 -0.44069549  0.01797664 -0.83775806],[ 0.20429108 -0.41226621  0.03112601 -0.83826199],[ 0.35580339 -0.00228191 -0.00981856  0.        ],1727361693.8495545,[-29.76721148  54.17021728  30.38059848  11.85658141]
[ 0.30342457 -0.48872963 -0.10312872 -0.83799624],[ 0.23788836 -0.46809717  0.018413   -0.83514017],[ 0.20440381 -0.42765472  0.03106699 -0.83826199],[ 0.00225475 -0.30777025 -0.00118047  0.        ],1727361693.8510427,[-237.68133448   83.72551842   29.47325465   -1.74882415]
[ 0.33726746 -0.5233467  -0.09573711 -0.83111227],[ 0.2546435  -0.49549884  0.01884935 -0.83252227],[ 0.22208891 -0.46658966  0.03103357 -0.83826199],[ 3.53701994e-01 -7.78698918e-01 -6.68342183e-04  0.00000000e+00],1727361693.8527405,[-247.08286887   74.30031689   27.81470674   12.74193277]
[ 0.30603343 -0.5334284  -0.11369975 -0.8306626 ],[ 0.26616271 -0.51574469  0.01911114 -0.83077684],[ 0.23965199 -0.50580416  0.0310329  -0.83826199],[ 3.51261644e-01 -7.84289877e-01 -1.33884771e-05  0.00000000e+00],1727361693.8542643,[-119.53065058   32.28744089   32.02223969   10.24703715]
[ 0.29336718 -0.55012774 -0.10422447 -0.8141407 ],[ 0.27768192 -0.53599054  0.01937293 -0.82903141],[ 0.25709678 -0.50599567  0.03090701 -0.83826199],[ 0.34889578 -0.00383031 -0.00251785  0.        ],1727361693.8557596,[-63.95344477  60.62092183  29.63214686  39.77067947]
[ 0.3036704  -0.58378404 -0.12303527 -0.8239214 ],[ 0.29146999 -0.56269416  0.01867492 -0.82554081],[ 0.27009731 -0.53700615  0.03086957 -0.83826199],[ 0.26001046 -0.62020948 -0.00074877  0.        ],1727361693.85743,[-69.10608628  62.12611821  34.04830149  14.2349095 ]
[ 0.31705105 -0.6114535  -0.09077443 -0.8087638 ],[ 0.30525807 -0.58939779  0.0179769  -0.82205021],[ 0.28512173 -0.57103214  0.03060451 -0.83826199],[ 0.30048851 -0.6805198  -0.00530116  0.        ],1727361693.8589258,[-66.08524382  52.44485991  26.37550707  46.21323055]
[ 0.31710875 -0.62974036 -0.08368131 -0.8050986 ],[ 0.31808625 -0.61357048  0.0217293  -0.81855959],[ 0.29897849 -0.58359514  0.03058691 -0.83826199],[ 0.27713511 -0.25126014 -0.00035203  0.        ],1727361693.860492,[-32.46094087  61.73227853  25.06733056  45.53501271]
[ 0.4889971  -0.6693408   0.00797477 -0.7998602 ],[ 0.33091444 -0.63774318  0.02548169 -0.81506896],[ 0.29921102 -0.61802878  0.03055808 -0.83826199],[ 4.65068944e-03 -6.88672702e-01 -5.76662360e-04  0.00000000e+00],1727361693.8621686,[-464.21661917   68.47259422    4.04414417   53.20482636]
[ 0.45016128 -0.66833234  0.13608474 -0.7958339 ],[ 0.34217182 -0.65798914  0.03298674 -0.81157809],[ 0.31628519 -0.65963027  0.03050435 -0.83586678],[ 0.34148342 -0.83202985 -0.00107457  0.04790423],1727361693.8637466,[-257.79486398    5.37817462  -24.51957573   53.62636709]
[ 0.4243754 -0.6887879  0.1718517 -0.7826713],[ 0.3534292  -0.67823511  0.0404918  -0.80808723],[ 0.33326013 -0.65972299  0.03053962 -0.83172602],[ 0.33949872 -0.00185433  0.00070548  0.08281513],1727361693.8653574,[-173.60032348   41.28488335  -31.44883353   69.08277921]
[ 0.46660706 -0.7181236   0.20709035 -0.78495   ],[ 0.36416297 -0.69769552  0.05105096 -0.80546933],[ 0.35013967 -0.66094001  0.03064914 -0.80140075],[ 0.33759072 -0.02434052  0.00219026  0.60650544],1727361693.8669486,[-253.39539705   79.51340631  -39.17116579    6.06503689]
[ 0.49688557 -0.73624665  0.24593858 -0.8049618 ],[ 0.37489673 -0.71715593  0.06161013 -0.80285144],[ 0.36692766 -0.70569518  0.03177964 -0.80140075],[ 0.33575991 -0.89510333  0.02261007  0.        ],1727361693.8684711,[-276.92194503   36.50990861  -47.49516351  -14.30621681]
[ 0.42774805 -0.75632614  0.2606829  -0.80024654],[ 0.38100539 -0.7331256   0.08011058 -0.80197874],[ 0.38362805 -0.70615138  0.04002896 -0.80140075],[ 0.3340078  -0.00912397  0.16498642  0.        ],1727361693.870068,[-58.42502465  69.04389173 -48.60933674   3.7868801 ]
[ 0.45580554 -0.75718     0.32919145 -0.80560416],[ 0.38711405 -0.74909526  0.09861103 -0.80110604],[ 0.39287714 -0.75125006  0.05042488 -0.80140075],[ 0.18498186 -0.90197366  0.20791848  0.        ],1727361693.871572,[-138.92333686    1.48453322  -61.91442317   -8.12021096]
[ 0.3419933  -0.77131957  0.28492963 -0.80003256],[ 0.38702677 -0.75642568  0.12950343 -0.80197874],[ 0.40944931 -0.7513511   0.09603447 -0.80140075],[ 0.33144328 -0.00202085  0.91219174  0.        ],1727361693.8731008,[192.3023679   28.37098167 -40.65103286   4.48036391]
[ 0.4005908 -0.7678501  0.414501  -0.8096664],[ 0.3869395  -0.7637561   0.16039583 -0.80285144],[ 0.39201646 -0.75150122  0.09769064 -0.80140075],[-0.34865706 -0.00300225  0.03312346  0.        ],1727361693.874579,[-47.845902    21.06161371 -70.9876617  -15.53493576]
[ 0.37780786 -0.7804592   0.36090183 -0.8273207 ],[ 0.38545598 -0.76960295  0.19783308 -0.80285144],[ 0.39514113 -0.75161008  0.14913768 -0.80140075],[ 0.06249342 -0.00217716  1.02894065  0.        ],1727361693.8761637,[ 46.42373004  39.87295167 -45.5292498  -42.68834435]
[ 0.41695535 -0.7868102   0.4799344  -0.812718  ],[ 0.38397247 -0.77544981  0.23527034 -0.80285144],[ 0.39247633 -0.75257834  0.15452707 -0.80140075],[-0.05329593 -0.01936534  0.10778779  0.        ],1727361693.8777506,[-67.61849484  45.95772814 -72.73513131  -7.92946013]
[ 0.3929308 -0.8082659  0.4511683 -0.8202581],[ 0.3817908  -0.77702066  0.27148601 -0.80285144],[ 0.4064367  -0.75643842  0.2065077  -0.80140075],[ 0.27920732 -0.07720154  1.03961264  0.        ],1727361693.8793094,[ 43.17818333  70.9348688  -53.01140002 -28.51094839]
[ 0.38997665 -0.76683736  0.5490566  -0.8129406 ],[ 0.37960914 -0.77859151  0.30770168 -0.80285144],[ 0.40503145 -0.80451191  0.22925063 -0.80140075],[-0.02810497 -0.96146973  0.45485873  0.        ],1727361693.8808415,[ 32.07415058 -62.56142978 -71.1147727  -11.72021579]
[ 0.36917076 -0.76202583  0.55449736 -0.8011644 ],[ 0.37786381 -0.77771875  0.35046218 -0.80197874],[ 0.4049219  -0.76984765  0.28151918 -0.80140075],[-0.00219093  0.69328504  1.045371    0.        ],1727361693.8823473,[ 82.86601745  -6.04507542 -59.58317192   5.96457518]
[ 0.38182938 -0.77705085  0.58354497 -0.82332087],[ 0.37611848 -0.77684599  0.39322269 -0.80110604],[ 0.38750476 -0.76966787  0.32418625 -0.80140075],[-0.34834291  0.00359562  0.85334138  0.        ],1727361693.8838174,[ 2.36975399e-02  1.19253341e+01 -5.69216273e+01 -3.95696664e+01]
[ 0.42252705 -0.78488696  0.60633206 -0.8066656 ],[ 0.37899825 -0.77693331  0.42708212 -0.80110604],[ 0.38747778 -0.76977167  0.36028425 -0.80140075],[-5.39581387e-04 -2.07588771e-03  7.21959939e-01  0.00000000e+00],1727361693.8852913,[-89.28219695  21.06069252 -53.99634415   1.04494585]
[ 0.4370866  -0.77984667  0.6380234  -0.8135487 ],[ 0.38187802 -0.77702063  0.46094155 -0.80110604],[ 0.4039731  -0.76988267  0.38706293 -0.80140075],[ 0.3299064  -0.00221996  0.53557355  0.        ],1727361693.8867629,[-68.44530371  12.41400945 -55.26081597 -19.33908091]
[ 0.41210148 -0.792047    0.68193084 -0.8103409 ],[ 0.38362336 -0.77763146  0.49741888 -0.80197874],[ 0.41816084 -0.76998659  0.4183492  -0.80140075],[ 0.28375481 -0.00207848  0.62572547  0.        ],1727361693.8882153,[ 28.08245701  30.85394956 -58.11518731 -10.26126998]
[ 0.37022993 -0.7900993   0.705276   -0.8202286 ],[ 0.3853687  -0.77824229  0.53389621 -0.80285144],[ 0.41813062 -0.77018299  0.45877838 -0.80140075],[-6.04274236e-04 -3.92791852e-03  8.08583523e-01  0.00000000e+00],1727361693.8897004,[116.5812211   25.98218728 -54.05727491 -29.59881673]
[ 0.38674262 -0.78465885  0.7501922  -0.8121371 ],[ 0.38484509 -0.77885321  0.56635934 -0.80285144],[ 0.40073077 -0.77031355  0.48650928 -0.80140075],[-0.34799707 -0.00261135  0.55461805  0.        ],1727361693.8911676,[ 15.88723473  18.13708913 -58.18347085 -10.28818075]
[ 0.40568477 -0.78865016  0.78071755 -0.8273128 ],[ 0.38432148 -0.77946413  0.59882247 -0.80285144],[ 0.40070774 -0.77042045  0.52797512 -0.80140075],[-4.60520877e-04 -2.13802785e-03  8.29316785e-01  0.00000000e+00],1727361693.8926294,[-17.86669268  24.6201108  -55.49305925 -41.48826729]
[ 0.4294466  -0.7871924   0.83086085 -0.8018074 ],[ 0.38336158 -0.7793768   0.64254293 -0.80285144],[ 0.40079847 -0.77054308  0.56146305 -0.80140075],[ 0.00181459 -0.00245261  0.66975867  0.        ],1727361693.8940864,[-69.1915021   21.75058757 -59.43539248  11.70578284]
[ 0.41133776 -0.7943683   0.86045694 -0.81879467],[ 0.38240167 -0.77928948  0.68626338 -0.80285144],[ 0.41522424 -0.77065569  0.60731817 -0.80140075],[ 0.28851531 -0.00225209  0.91710238  0.        ],1727361693.895656,[ 20.92836171  32.31325369 -55.52664517 -31.11383637]
[ 0.386055   -0.7802235   0.8951556  -0.81968313],[ 0.38196531 -0.77920225  0.72064638 -0.80372417],[ 0.41520929 -0.77089346  0.6419601  -0.80140075],[-2.98912259e-04 -4.75550509e-03  6.92838583e-01  0.00000000e+00],1727361693.8971164,[ 70.87791814  10.25372498 -55.70358524 -24.55919031]
[ 0.39564636 -0.79421884  0.9389585  -0.8085553 ],[ 0.38152894 -0.77911502  0.75502938 -0.8045969 ],[ 0.39824366 -0.77099712  0.67775583 -0.80140075],[-0.33931269 -0.00207311  0.71591466  0.        ],1727361693.898556,[ -5.02448487  32.64420635 -57.54530737  -4.10270749]
[ 0.40715572 -0.78145313  0.9710391  -0.82069266],[ 0.38179077 -0.7790277   0.79421192 -0.8045969 ],[ 0.39836594 -0.77124662  0.72049316 -0.80140075],[ 0.00244561 -0.00499004  0.85474645  0.        ],1727361693.9000423,[-22.85259059  11.60671832 -55.01268318 -31.29128432]
[ 0.43116266 -0.78966665  1.0182915  -0.8149754 ],[ 0.3820526  -0.77894038  0.83339447 -0.8045969 ],[ 0.39841378 -0.77135053  0.75498742 -0.80140075],[ 0.00095689 -0.00207821  0.68988537  0.        ],1727361693.9014947,[-77.87541443  25.33985551 -58.05549449 -15.1741664 ]
[ 0.40547264 -0.78058046  1.045773   -0.81914717],[ 0.38301253 -0.77876595  0.868563   -0.80372417],[ 0.41436383 -0.77147716  0.80101452 -0.80140075],[ 0.31900092 -0.00253262  0.92054185  0.        ],1727361693.9029458,[ 34.97211818  10.69560979 -53.65993601 -25.42773655]
[ 0.38316268 -0.78542805  1.0854676  -0.81132716],[ 0.38397247 -0.77859151  0.90373152 -0.80285144],[ 0.41413572 -0.77158095  0.83150043 -0.80140075],[-0.00456215 -0.00207568  0.60971835  0.        ],1727361693.9043794,[ 73.425074    18.95824005 -55.96559547  -9.34924632]
[ 0.38062474 -0.77456415  1.1014508  -0.8182848 ],[ 0.38371064 -0.77353001  0.92921332 -0.80197874],[ 0.39697873 -0.77168888  0.87191233 -0.80140075],[-0.34313991 -0.00215859  0.8082379   0.        ],1727361693.9058838,[ 28.42572545   2.22243311 -50.25222368 -25.62666534]
[ 0.41538858 -0.75560606  1.1349574  -0.81654835],[ 0.38344881 -0.7684685   0.95469511 -0.80110604],[ 0.39694391 -0.77179216  0.89039668 -0.80140075],[-0.0006963  -0.00206569  0.36968702  0.        ],1727361693.9073415,[-52.24613818 -24.09830657 -53.95478791 -19.16136218]
[ 0.41368777 -0.7474247   1.155879   -0.81161153],[ 0.3827507  -0.75668752  0.97738427 -0.80110604],[ 0.40224478 -0.77159422  0.92376527 -0.80140075],[0.10601731 0.00395885 0.66737175 0.        ],1727361693.9088025,[-21.16002419 -33.04818088 -50.93955624 -11.10854456]
[ 0.40042627 -0.7145763   1.1752687  -0.8198638 ],[ 0.3820526  -0.74490654  1.00007343 -0.80110604],[ 0.40231098 -0.7712884   0.94533666 -0.80140075],[0.0013241  0.00611632 0.43142783 0.        ],1727361693.910278,[  9.18486334 -79.52526802 -50.56304589 -28.33229031]
[ 0.37572023 -0.7035501   1.1872039  -0.80390763],[ 0.38179077 -0.73076937  1.00731671 -0.80197874],[ 0.40228489 -0.71511088  0.96580336 -0.80140075],[-5.21796871e-04  1.12355038e+00  4.09334038e-01  0.00000000e+00],1727361693.9117537,[ 65.23414026  -8.78734137 -48.6221157    4.34987777]
[ 0.39774877 -0.70824057  1.1817957  -0.8221897 ],[ 0.38152894 -0.71663219  1.01455998 -0.80285144],[ 0.38626855 -0.71494352  0.98012887 -0.80140075],[-0.32032679  0.00334722  0.28651009  0.        ],1727361693.9132187,[-38.96809356  -8.15149167 -44.16779283 -36.21681264]
[ 0.41585836 -0.6964731   1.1859787  -0.8171955 ],[ 0.38083082 -0.70554936  1.01595628 -0.80285144],[ 0.38708783 -0.71477627  0.98554117 -0.80140075],[0.01638562 0.00334497 0.10824605 0.        ],1727361693.9147823,[-66.93587642 -25.82314378 -44.08385623 -18.45181511]
[ 0.40052107 -0.6796092   1.1781904  -0.81843704],[ 0.3801327  -0.69446653  1.01735258 -0.80285144],[ 0.40082455 -0.71458529  0.99086655 -0.80140075],[0.27473437 0.00381967 0.10650759 0.        ],1727361693.916244,[ 12.07778776 -48.55869252 -41.07904887 -23.08381219]
[ 0.37359425 -0.6613913   1.1724862  -0.8215724 ],[ 0.37943456 -0.68443081  1.0155198  -0.80285144],[ 0.40079927 -0.71121322  0.9934369  -0.80140075],[-0.00050568  0.06744134  0.05140707  0.        ],1727361693.9176815,[ 67.44693877 -67.8932363  -39.30744017 -28.13161615]
[ 0.36764148 -0.6602399   1.1586754  -0.81481373],[ 0.37873641 -0.67439508  1.01368701 -0.80285144],[ 0.38425243 -0.66829047  0.99507695 -0.80140075],[-0.33093671  0.85845502  0.03280094  0.        ],1727361693.9191744,[ 30.54711812  -4.63841576 -35.83592093 -14.46097434]
[ 0.4038276  -0.6612759   1.1619966  -0.82016134],[ 0.37847462 -0.66505763  1.01316357 -0.80285144],[ 0.3841811  -0.66813251  0.99572009 -0.80140075],[-0.00142672  0.00315935  0.01286281  0.        ],1727361693.9206388,[-55.33214741  -8.87955323 -36.60782992 -27.3308482 ]
[ 0.39556244 -0.6446344   1.1640444  -0.81869406],[ 0.37821284 -0.65572017  1.01264012 -0.80285144],[ 0.39140621 -0.66797422  0.99651899 -0.80140075],[0.14450224 0.00316574 0.0159781  0.        ],1727361693.9221008,[ -2.58954117 -33.17158271 -36.86817328 -22.12291603]
[ 0.3876245  -0.63286376  1.1551331  -0.8187435 ],[ 0.37812559 -0.64681906  1.01176757 -0.80285144],[ 0.39153027 -0.66770313  0.9973778  -0.80140075],[0.00248125 0.00542171 0.01717606 0.        ],1727361693.9236705,[ 11.33625674 -47.63650394 -34.6076956  -22.91624159]
[ 0.38281715 -0.61417675  1.1524813  -0.8264754 ],[ 0.37803835 -0.63791794  1.01089501 -0.80285144],[ 0.39150467 -0.66503692  0.99782784 -0.80140075],[-0.00051197  0.05332432  0.00900094  0.        ],1727361693.9251258,[ 20.0389985  -69.4322019  -33.99249821 -36.80984357]
[ 0.36125737 -0.6166615   1.1260653  -0.8117867 ],[ 0.37786381 -0.62971491  1.0083642  -0.80285144],[ 0.39148752 -0.62210211  0.9982008  -0.80140075],[-3.43089492e-04  8.58696207e-01  7.45919810e-03  0.00000000e+00],1727361693.9265862,[ 71.66018339  -0.67027968 -27.86014912  -6.65889485]
[ 0.3931596 -0.6187461  1.1242745 -0.8230441],[ 0.37768927 -0.62151188  1.00583339 -0.80285144],[ 0.37436267 -0.62195177  0.99820827 -0.80140075],[-3.42496909e-01  3.00671156e-03  1.49271720e-04  0.00000000e+00],1727361693.9280548,[-58.5826396   -3.91109121 -27.71644369 -33.97277574]
[ 0.38768026 -0.60500973  1.108858   -0.81461304],[ 0.3773402  -0.61339596  1.00365156 -0.80285144],[ 0.38373953 -0.62180136  0.99821217 -0.80140075],[1.87537238e-01 3.00815176e-03 7.81509902e-05 0.00000000e+00],1727361693.9295387,[ -2.38867455 -24.11257659 -24.1866398  -13.39330057]
[ 0.3892687 -0.5965917  1.1017145 -0.821597 ],[ 0.37699112 -0.60528004  1.00146973 -0.80285144],[ 0.38386398 -0.62163608  0.99826522 -0.80140075],[0.00248886 0.00330577 0.00106084 0.        ],1727361693.9310129,[-11.87206733 -34.24168591 -22.68629935 -30.01138614]
[ 0.3710172  -0.57442886  1.066713   -0.8247699 ],[ 0.37664205 -0.59690249  1.00024801 -0.80285144],[ 0.38397738 -0.62134968  0.99833081 -0.80140075],[0.00226804 0.005728   0.00131189 0.        ],1727361693.9324753,[ 34.31519409 -65.07166906 -14.69059559 -32.37027462]
[ 0.37024122 -0.58190984  1.0508002  -0.81469893],[ 0.37629297 -0.58852494  0.9990263  -0.80285144],[ 0.38378163 -0.58782631  0.99842018 -0.80140075],[-0.00391501  0.67046739  0.00178736  0.        ],1727361693.9339578,[ 28.52783687  -1.93133464 -11.36230253 -12.71959354]
[ 0.36644638 -0.5707116   1.0090464  -0.8205386 ],[ 0.37568212 -0.58006012  0.9983283  -0.80285144],[ 0.38374531 -0.58768071  0.99851164 -0.80140075],[-0.00072635  0.00291183  0.0018293   0.        ],1727361693.9354622,[ 37.63409847 -23.98374323  -1.89585659 -28.06496111]
[ 0.35516033 -0.5529379   1.0194353  -0.8201547 ],[ 0.37507126 -0.57159531  0.9976303  -0.80285144],[ 0.38331801 -0.58752105  0.99860457 -0.80140075],[-0.00854607  0.00319329  0.00185847  0.        ],1727361693.9369373,[ 63.12361127 -48.1748497   -4.68654865 -24.57100513]
[ 0.38410097 -0.5449751   1.029624   -0.8186226 ],[ 0.3741986  -0.56391591  0.996234   -0.80285144],[ 0.36797625 -0.5847898   0.99869735 -0.80140075],[-0.30683514  0.0546249   0.00185557  0.        ],1727361693.9384596,[-51.13019995 -53.30542258  -6.90562562 -21.9973578 ]
[ 0.3955517  -0.5348568   1.0011865  -0.82717186],[ 0.37332594 -0.55623651  0.9948377  -0.80285144],[ 0.37269633 -0.5775837   0.99878991 -0.80140075],[0.0944015  0.14412201 0.00185121 0.        ],1727361693.9399195,[-50.41691573 -56.81701681  -0.2396647  -38.12151115]
[ 0.38050172 -0.5319266   1.0516483  -0.8195075 ],[ 0.37123154 -0.55082592  0.99867746 -0.80372417],[ 0.37703304 -0.56463246  0.9988829  -0.80140075],[0.08673428 0.25902488 0.00185984 0.        ],1727361693.9413714,[  0.38106785 -41.7352049  -12.11609456 -20.22197792]
[ 0.3740699  -0.52817506  1.0916122  -0.8212168 ],[ 0.36913714 -0.54541534  1.00251722 -0.8045969 ],[ 0.377006   -0.5638375   0.99897406 -0.80140075],[-0.00054071  0.01589924  0.0018232   0.        ],1727361693.9428408,[  8.65738693 -47.49828528 -20.78230856 -26.97769264]
[ 0.3574103  -0.5089883   1.0956     -0.82621413],[ 0.36791541 -0.54017943  1.00286633 -0.8045969 ],[ 0.37697966 -0.56149122  0.99905012 -0.80140075],[-0.00052688  0.04692552  0.00152123  0.        ],1727361693.9442873,[ 47.44678325 -71.71811151 -21.28040073 -35.15237748]
[ 0.36175752 -0.5373464   1.0740427  -0.81864566],[ 0.36669368 -0.53494352  1.00321543 -0.8045969 ],[ 0.37375118 -0.52036134  0.99912392 -0.80140075],[-0.0645696   0.8225976   0.00147593  0.        ],1727361693.9457226,[ 22.08496179  32.38209061 -16.26408634 -19.13044097]
[ 0.3450528  -0.52951777  0.97924036 -0.8289285 ],[ 0.36468655 -0.52796215  0.9997246  -0.8045969 ],[ 0.37373957 -0.52055697  0.99921154 -0.80140075],[-0.00023215 -0.00391261  0.00175254  0.        ],1727361693.947264,[ 66.52571457  10.67792278   5.35014549 -41.27228833]
[ 0.36376622 -0.52002746  1.0019453  -0.8226348 ],[ 0.36267942 -0.52098078  0.99623376 -0.8045969 ],[ 0.35728163 -0.52064146  0.99913241 -0.80140075],[-0.32915884 -0.00168975 -0.00158263  0.        ],1727361693.9487388,[-27.3962121   -2.18314492  -0.8484896  -25.00796545]
[ 0.37360203 -0.5015037   1.0324755  -0.8327861 ],[ 0.35796702 -0.50989795  0.99780461 -0.8054696 ],[ 0.35731592 -0.52050354  0.99922541 -0.80140075],[0.00068587 0.00275833 0.00185994 0.        ],1727361693.9501898,[-37.89579976 -27.71558304  -7.62181312 -46.30119617]
[ 0.35749674 -0.47779986  1.0576432  -0.8290171 ],[ 0.35325462 -0.49881512  0.99937546 -0.8063423 ],[ 0.35800156 -0.52033546  0.9993179  -0.80140075],[0.01371265 0.00336162 0.00184981 0.        ],1727361693.951697,[  7.66396804 -59.52107848 -13.08431704 -34.64445082]
[ 0.34266695 -0.4730555   1.0433462  -0.8285017 ],[ 0.3488913  -0.48799403  0.99937546 -0.8063423 ],[ 0.35797493 -0.50219703  0.99940855 -0.80140075],[-0.00053257  0.36276863  0.00181308  0.        ],1727361693.9531722,[ 37.82022426 -36.54663833  -9.52125224 -35.5259242 ]
[ 0.325745   -0.44460726  1.034378   -0.83088714],[ 0.34452799 -0.47717294  0.99937546 -0.8063423 ],[ 0.35752647 -0.50185766  0.99950067 -0.80140075],[-0.00896918  0.00678734  0.00184239  0.        ],1727361693.9546366,[ 72.90728474 -79.60020446  -7.58170441 -40.06702508]
[ 0.33100623 -0.45296055  1.0399404  -0.822239  ],[ 0.33972834 -0.46443202  1.00085896 -0.8063423 ],[ 0.34017199 -0.45935127  0.99959319 -0.80140075],[-0.34708965  0.85012783  0.00185029  0.        ],1727361693.9561923,[ 10.25485865  -1.14453653  -8.93150402 -23.35539385]
[ 0.33893487 -0.43902618  1.0600147  -0.83366007],[ 0.33492869 -0.45169109  1.00234246 -0.8063423 ],[ 0.34014575 -0.45921877  0.99968546 -0.80140075],[-0.00052475  0.00265007  0.0018454   0.        ],1727361693.9576752,[ -0.60032297 -28.63287068 -13.47385796 -48.06442433]
[ 0.3204614  -0.41391113  0.9827676  -0.8308399 ],[ 0.33135076 -0.43807758  0.99859008 -0.8054696 ],[ 0.34027268 -0.45905083  0.99977588 -0.80140075],[0.00253861 0.00335875 0.00180846 0.        ],1727361693.9591265,[ 48.72671523 -63.16083565   4.5213909  -37.50596589]
[ 0.31058723 -0.41634056  0.9247784  -0.8245943 ],[ 0.32777283 -0.42446408  0.9948377  -0.8045969 ],[ 0.33619857 -0.43341988  0.99969669 -0.80140075],[-0.08148217  0.51261903 -0.00158386  0.        ],1727361693.9606102,[ 55.81064402 -18.5219718   17.06575921 -27.61763341]
[ 0.3005973  -0.38318965  0.8560477  -0.8315012 ],[ 0.32620203 -0.41015232  0.98288211 -0.8045969 ],[ 0.32581534 -0.43328547  0.99962118 -0.80140075],[-0.20766459  0.00268821 -0.00151015  0.        ],1727361693.9620507,[ 52.5508686  -70.85974579  32.27820767 -43.04787535]
[ 0.2756467  -0.38906398  0.81853783 -0.8262098 ],[ 0.32463124 -0.39584056  0.97092652 -0.8045969 ],[ 0.3185461  -0.39623341  0.9994157  -0.80140075],[-0.1453849   0.7410411  -0.00410961  0.        ],1727361693.9635105,[ 96.61917507  -3.30971652  40.1691556  -30.20798425]
[ 0.29509026 -0.3599464   0.75718695 -0.8421986 ],[ 0.32314773 -0.38423423  0.94806287 -0.8045969 ],[ 0.30072131 -0.39610511  0.99688172 -0.80140075],[-0.35649567  0.00256598 -0.05067968  0.        ],1727361693.9649704,[ -2.89990215 -51.88539214  53.32572836 -61.52782277]
[ 0.38509196 -0.3538626   0.8388764  -0.81865925],[ 0.32166421 -0.37262791  0.92519921 -0.8045969 ],[ 0.30084884 -0.39120247  0.94618659 -0.80140075],[ 0.00255059  0.09805292 -1.01390247  0.        ],1727361693.9664795,[-211.44257685  -49.45793288   22.27379811  -11.48233396]
[ 0.28662008 -0.3268955   0.7174231  -0.8366334 ],[ 0.31860986 -0.36215585  0.9031207  -0.8045969 ],[ 0.31791335 -0.38812255  0.94612626 -0.80140075],[ 0.34129023  0.06159829 -0.00120663  0.        ],1727361693.9679263,[110.87808937 -84.24416329  51.5383452  -55.13464929]
[ 0.3206038  -0.35112613  0.775945   -0.8098496 ],[ 0.31555551 -0.3516838   0.88104218 -0.8045969 ],[ 0.3000839  -0.3477571   0.90845373 -0.80140075],[-0.35658899  0.80730918 -0.75345062  0.        ],1727361693.9693813,[-63.28025664  13.7076485   28.18228241   1.70364493]
[ 0.22427753 -0.32189733  0.6527071  -0.8399117 ],[ 0.31346114 -0.34164815  0.85791647 -0.80372417],[ 0.31253859 -0.3478366   0.90844451 -0.80140075],[ 2.49093708e-01 -1.59012975e-03 -1.84453654e-04  0.00000000e+00],1727361693.9709265,[227.28180968 -38.44149591  57.50437604 -65.2642711 ]
[ 0.3815269  -0.31182373  0.7688534  -0.8058797 ],[ 0.31136677 -0.3316125   0.83479077 -0.80285144],[ 0.29468288 -0.34742811  0.8389808  -0.80140075],[-0.35711427  0.00816974 -1.3892741   0.        ],1727361693.9723842,[-250.42533734  -48.38341139   13.55707425   10.42319973]
[ 0.29880646 -0.3014857   0.6824523  -0.8346701 ],[ 0.3094469  -0.32306042  0.81489417 -0.80372417],[ 0.31178391 -0.34497173  0.83891061 -0.80140075],[ 0.34202064  0.04912778 -0.00140382  0.        ],1727361693.9738553,[ 66.41258618 -58.53146569  35.29104569 -57.73495212]
[ 0.23937173 -0.27984226  0.6075187  -0.8289232 ],[ 0.30752704 -0.31450835  0.79499757 -0.8045969 ],[ 0.29508801 -0.33047902  0.83838049 -0.80140075],[-0.33391798  0.28985404 -0.01060233  0.        ],1727361693.9754348,[133.26901919 -67.86565914  51.5395873  -33.57114461]
[ 0.33632758 -0.3129126   0.66728634 -0.8169331 ],[ 0.30534537 -0.30438541  0.77065015 -0.8045969 ],[ 0.27714488 -0.29822496  0.80312959 -0.80140075],[-0.35886266  0.6450812  -0.70501803  0.        ],1727361693.976885,[-168.91609982   28.75260384   28.92773023  -14.74746287]
[ 0.24587563 -0.26213765  0.5230664  -0.8476325 ],[ 0.30316371 -0.29426247  0.74630272 -0.8045969 ],[ 0.29435208 -0.29834431  0.80310237 -0.80140075],[ 0.34414412 -0.00238697 -0.00054451  0.        ],1727361693.9784236,[143.6904301  -55.08899093  63.06137645 -75.76168345]
[ 0.4203167 -0.2807994  0.6867483 -0.7887379],[ 0.30141836 -0.28536135  0.7270169  -0.80372417],[ 0.27640518 -0.28995779  0.72546269 -0.81700117],[-0.35893804  0.16773047 -1.55279346 -0.31200837],1727361693.9799948,[-376.49899672   -8.21145676    6.08463569   73.06516852]
[ 0.33466172 -0.24166155  0.5538378  -0.8429872 ],[ 0.29967302 -0.27646023  0.70773107 -0.80285144],[ 0.29361694 -0.28983413  0.7253955  -0.77969394],[ 0.34423518  0.00247307 -0.00134397  0.7461447 ],1727361693.981441,[ -45.29520646  -69.18087738   39.08176196 -127.49425549]
[ 0.2690938  -0.26380375  0.5383705  -0.8053216 ],[ 0.29775316 -0.26642451  0.68827057 -0.80285144],[ 0.29588859 -0.25642746  0.72382088 -0.82969394],[ 0.04543293  0.66813352 -0.03149226 -1.        ],1727361693.9829662,[82.70272913 17.70019055 40.93911572 74.25100561]
[ 0.26132134 -0.25051203  0.46704167 -0.82645124],[ 0.29583329 -0.25638878  0.66881007 -0.80285144],[ 0.27798493 -0.25650731  0.72114665 -0.79064052],[-0.35807303 -0.00159702 -0.05348455  0.78106832],1727361693.984729,[ 30.83927097  -9.8307267   56.59513492 -76.15803176]
[ 0.40396413 -0.22972746  0.74643105 -0.81192213],[ 0.29434977 -0.25176367  0.66959557 -0.80372417],[ 0.27790492 -0.25638457  0.66196617 -0.80623984],[-0.00160019  0.0024547  -1.18360964 -0.31198642],1727361693.9863746,[-319.63939322  -38.14946237  -21.9950653     6.96101467]
[ 0.37966534 -0.25562456  0.8204441  -0.8106542 ],[ 0.29286626 -0.24713856  0.67038107 -0.8045969 ],[ 0.29510746 -0.25600409  0.66202398 -0.80623984],[0.34405069 0.00760962 0.00115622 0.        ],1727361693.9878771,[-160.39107223    3.26617224  -35.59788889   -5.21839712]
[ 0.32841215 -0.22339058  0.8623871  -0.8122531 ],[ 0.29251719 -0.24748763  0.68652529 -0.8045969 ],[ 0.31220596 -0.25608143  0.66252154 -0.80623984],[ 0.34197005 -0.00154669  0.0099511   0.        ],1727361693.9893548,[ -6.96767761 -47.78406757 -44.38820237  -8.70497405]
[ 0.2950479  -0.25484774  0.9156289  -0.80581   ],[ 0.29216811 -0.24783669  0.7026695  -0.8045969 ],[ 0.3123298  -0.25395488  0.66729048 -0.80623984],[0.00247683 0.04253105 0.09537883 0.        ],1727361693.9909515,[ 49.30005783   5.99312659 -55.1230542    3.6601682 ]
[ 0.2685211  -0.23424642  0.8519828  -0.8140188 ],[ 0.29391344 -0.24905846  0.71968657 -0.8045969 ],[ 0.30781347 -0.25403226  0.70134214 -0.80623984],[-0.09032669 -0.00154767  0.68103328  0.        ],1727361693.9924173,[ 90.78439488 -29.08179545 -32.15614465 -14.2084187 ]
[ 0.36249912 -0.24145149  0.95842516 -0.8052332 ],[ 0.29565877 -0.25028023  0.73670363 -0.8045969 ],[ 0.28994048 -0.25387401  0.70151182 -0.80623984],[-0.35745974  0.00316488  0.00339342  0.        ],1727361693.9941108,[-195.67211681  -15.34212935  -57.59216716    5.54587283]
[ 0.29263803 -0.23056436  0.8647704  -0.8178415 ],[ 0.2958333  -0.24914582  0.75686216 -0.8045969 ],[ 0.30706989 -0.25375009  0.74487936 -0.80623984],[0.34258814 0.0024786  0.86735093 0.        ],1727361693.995664,[ 64.40201949 -32.14817296 -24.99484409 -21.36611228]
[ 0.41576812 -0.22614099  0.99744415 -0.80831265],[ 0.29600784 -0.24801141  0.77702069 -0.8045969 ],[ 0.29093287 -0.25355766  0.74491724 -0.80623984],[-0.32274027  0.00384858  0.00075748  0.        ],1727361693.997111,[-315.72116697  -36.79655619  -56.89289108    1.83768067]
[ 0.29994813 -0.23584235  0.92827135 -0.81284344],[ 0.29504791 -0.24652776  0.80416045 -0.8045969 ],[ 0.30805632 -0.2532429   0.78684946 -0.80623984],[0.34246897 0.00629506 0.83864444 0.        ],1727361693.9986985,[ 69.27266171 -21.53282627 -29.99288618 -10.89156476]
[ 0.4036339  -0.22522599  1.0694668  -0.8018781 ],[ 0.29408798 -0.24504411  0.8313002  -0.8045969 ],[ 0.29082108 -0.25311381  0.78691841 -0.80623984],[-0.34470495  0.00258179  0.00137911  0.        ],1727361694.00018,[-283.3733061   -38.31537771  -63.58320238   11.02084207]
[ 0.2778844 -0.2300901  0.9828726 -0.805493 ],[ 0.29295351 -0.2437352   0.86577055 -0.80372417],[ 0.30794519 -0.25272421  0.84569551 -0.80623984],[0.34248239 0.00779204 1.17554189 0.        ],1727361694.0016465,[119.06213131 -29.12385732 -28.71362008  -0.74936265]
[ 0.37376308 -0.21646938  1.1491911  -0.8050542 ],[ 0.29181904 -0.24242629  0.9002409  -0.80285144],[ 0.29006684 -0.25256569  0.84572406 -0.80623984],[-0.35756709  0.00317053  0.00057105  0.        ],1727361694.0032716,[-219.69997559  -49.57706917  -68.43895657    1.77569934]
[ 0.27466425 -0.23069213  1.0490501  -0.80659384],[ 0.2906846  -0.24225178  0.93226767 -0.80197874],[ 0.30719549 -0.24955697  0.9103392  -0.80623984],[0.34257295 0.0601743  1.29230275 0.        ],1727361694.0047486,[113.73743604 -22.43127816 -28.85565926  -1.20631458]
[ 0.34239632 -0.21300471  1.180928   -0.80007285],[ 0.28955016 -0.24207728  0.96429443 -0.80110604],[ 0.28931344 -0.24942648  0.91037314 -0.80623984],[-0.35764097  0.00260974  0.00067889  0.        ],1727361694.006357,[-144.64093486  -50.59370677  -60.8510551    11.27045901]
[ 0.27316555 -0.23807614  1.1088959  -0.8039799 ],[ 0.28876476 -0.24155367  0.99396509 -0.79936087],[ 0.3064466  -0.24577135  0.96864236 -0.80623984],[0.34266319 0.07310274 1.16538429 0.        ],1727361694.0078585,[103.55023879  -6.03943229 -29.54233924   1.10778175]
[ 0.35544586 -0.21867779  1.255507   -0.7933393 ],[ 0.28797936 -0.24103007  1.02363575 -0.79761571],[ 0.28856116 -0.24564923  0.96870133 -0.80623984],[-0.35770885  0.00244238  0.00117954  0.        ],1727361694.0093322,[-179.21428485  -38.36573769  -64.57449222   22.13618531]
[ 0.24859807 -0.23353979  1.1711742  -0.79714423],[ 0.28701942 -0.24033192  1.06089848 -0.79674298],[ 0.30569886 -0.24525738  1.03551756 -0.80623984],[0.34275413 0.00783697 1.33632444 0.        ],1727361694.0109382,[168.14135438 -13.2804251  -28.32087331  10.17979621]
[ 0.34934682 -0.2218554   1.3410888  -0.7941234 ],[ 0.28605947 -0.23963377  1.09816122 -0.79587024],[ 0.28780932 -0.24513435  1.03553784 -0.80623984],[-0.35779075  0.0024605   0.00040562  0.        ],1727361694.0124679,[-175.30937897  -32.3856461   -68.93374005   17.44373129]
[ 0.23167579 -0.22348437  1.233471   -0.80341595],[ 0.28536132 -0.23963377  1.1356858  -0.79587024],[ 0.30495156 -0.2449386   1.10875502 -0.80623984],[0.34284478 0.00391515 1.46434374 0.        ],1727361694.0139875,[206.20886927 -28.05799076 -25.61470894  -0.73288954]
[ 0.35040703 -0.21686049  1.4031222  -0.7910433 ],[ 0.28466317 -0.23963377  1.17321038 -0.79587024],[ 0.2870583  -0.24478788  1.10879375 -0.80623984],[-0.35786535  0.00301436  0.00077455  0.        ],1727361694.015616,[-186.17427185  -37.79214928  -66.46194967   25.99837822]
[ 0.26273307 -0.23088148  1.3416388  -0.79635507],[ 0.28457592 -0.23797565  1.21806532 -0.79587024],[ 0.30420507 -0.24442757  1.18443126 -0.80623984],[0.34293546 0.0072062  1.51275013 0.        ],1727361694.0170772,[127.93391985 -15.81914182 -33.203483    10.49826925]
[ 0.34220722 -0.21480252  1.5045254  -0.7918411 ],[ 0.28448868 -0.23631753  1.26292026 -0.79587024],[ 0.28630807 -0.24430371  1.18476306 -0.80623984],[-0.35793996  0.00247715  0.00663613  0.        ],1727361694.0187318,[-155.15449705  -41.22889718  -71.98627119   21.17300806]
[ 0.24151015 -0.21258844  1.4067926  -0.80932534],[ 0.28422686 -0.23422319  1.29747784 -0.79587024],[ 0.30345938 -0.24368182  1.26754722 -0.80623984],[0.3430261 0.0124379 1.6556831 0.       ],1727361694.0202157,[175.85899296 -41.27150927 -28.81438009 -12.46524587]
[ 0.3280482  -0.21137065  1.5452236  -0.79074275],[ 0.28396505 -0.23212884  1.33203542 -0.79587024],[ 0.28555864 -0.24305541  1.26758953 -0.80623984],[-0.3580147   0.01252805  0.0008463   0.        ],1727361694.021675,[-129.91023745  -41.90866976  -62.47445067   29.37579641]
[ 0.22777714 -0.20516458  1.459284   -0.8074641 ],[ 0.28309239 -0.23239057  1.36973435 -0.79587024],[ 0.30271431 -0.24235523  1.3471642  -0.80623984],[0.34311328 0.01400364 1.59149324 0.        ],1727361694.0232399,[202.83780925 -49.88098198 -22.99796254  -9.64231604]
[ 0.3243789  -0.21738628  1.6174531  -0.78949034],[ 0.28221974 -0.23265229  1.40743327 -0.79587024],[ 0.28480983 -0.23917237  1.3472468  -0.80623984],[-0.35808947  0.0636573   0.00165199  0.        ],1727361694.0247324,[-127.7689965   -26.54924042  -61.03889848   30.73675758]
[ 0.18460824 -0.20664293  1.4858083  -0.8075902 ],[ 0.28029986 -0.23273964  1.4444344  -0.79587024],[ 0.30196996 -0.2390299   1.42827161 -0.80623984],[0.34320261 0.0028493  1.62049634 0.        ],1727361694.0262938,[307.0539701  -44.27053565 -10.51435136 -10.4704387 ]
[ 0.29381424 -0.22084609  1.6625394  -0.7879931 ],[ 0.27837998 -0.23282699  1.48143554 -0.79587024],[ 0.28406175 -0.23795195  1.42839949 -0.80623984],[-0.35816431  0.021559    0.00255758  0.        ],1727361694.028002,[-70.4148671  -20.38905345 -53.29093332  33.49237781]
[ 0.27976578 -0.22488482  1.6403233  -0.80409527],[ 0.27576199 -0.2328269   1.51852369 -0.79587024],[ 0.29937888 -0.23782485  1.4740272  -0.80623984],[0.30634265 0.00254211 0.91255417 0.        ],1727361694.0294657,[ 52.54963194 -16.48360432 -35.90127172  -4.89820391]
[ 0.29853052 -0.22584368  1.7854892  -0.79176736],[ 0.27314401 -0.2328268   1.55561185 -0.79587024],[ 0.29205783 -0.23770086  1.47497755 -0.80623984],[-0.14642095  0.00247979  0.01900701  0.        ],1727361694.0310495,[-23.79530158 -15.49621575 -69.76625645  25.02099867]
[ 0.14623001 -0.21607459  1.6169904  -0.8095509 ],[ 0.27035148 -0.23282686  1.59470731 -0.79587024],[ 0.29209431 -0.23757732  1.57880796 -0.80623984],[7.29658683e-04 2.47072831e-03 2.07660813e+00 0.00000000e+00],1727361694.0325844,[364.81623381 -29.76639829  -5.65506977 -12.90669765]
[ 0.2580283  -0.22323811  1.8258498  -0.7873978 ],[ 0.26755896 -0.23282692  1.63380277 -0.79587024],[ 0.27413581 -0.23741389  1.57895421 -0.80623984],[-0.35917012  0.0032685   0.00292504  0.        ],1727361694.0340512,[-17.40754472 -17.66165148 -56.42085329  35.50494503]
[ 0.21910098 -0.21958058  1.7641691  -0.8120245 ],[ 0.26450466 -0.23273963  1.67438161 -0.79587024],[ 0.27423295 -0.23728924  1.65283592 -0.80623984],[0.00194286 0.00249315 1.4776343  0.        ],1727361694.0356727,[130.5858402  -23.88189898 -23.12682877 -19.45648965]
[ 0.34163818 -0.22320345  1.9457034  -0.78969556],[ 0.26145035 -0.23265235  1.71496046 -0.79587024],[ 0.25618036 -0.23715596  1.65294049 -0.80623984],[-0.3610518   0.00266545  0.00209128  0.        ],1727361694.0372472,[-233.94294337  -17.87884557  -66.23665299   32.55633402]
[ 0.14754617 -0.1857151   1.5307381  -0.8350358 ],[ 0.25804693 -0.23273967  1.75676119 -0.79587024],[ 0.27351897 -0.23703117  1.76987595 -0.80623984],[0.34677223 0.00249592 2.33870922 0.        ],1727361694.0388143,[346.50222881 -73.09366303  57.9718831  -59.7739762 ]
[ 0.30470785 -0.24724786  2.2961364  -0.77826226],[ 0.2546435  -0.23282699  1.79856193 -0.79587024],[ 0.25546253 -0.20100367  1.56280751 -0.80623984],[-0.36112876  0.7205499  -4.14136872  0.        ],1727361694.0403793,[-171.88853722   75.02856886 -171.13481724   64.18169756]
[ 0.2774879 -0.2866819  2.027804  -0.7701919],[ 0.25080379 -0.2328269   1.84132236 -0.79587024],[ 0.27280573 -0.23793225  1.67665062 -0.78464387],[ 0.34686397 -0.73857157  2.27686218  0.43191934],1727361694.041884,[  7.75433905  64.70870838 -73.40139172  12.58435102]
[ 0.23962463 -0.23294215  2.1353009  -0.79909366],[ 0.24696408 -0.2328268   1.88408279 -0.79587024],[ 0.27277849 -0.27162778  1.80054596 -0.78464387],[-5.44845619e-04 -6.73910573e-01  2.47790672e+00  0.00000000e+00],1727361694.0434427,[ 84.18381363 -63.59976444 -73.48078514 -32.94657788]
[ 0.02764344 -0.23453966  1.8401676  -0.82943547],[ 0.24251351 -0.2328269   1.92169476 -0.79587024],[ 0.25474384 -0.24700656  1.93702003 -0.78464387],[-0.36069299  0.49242439  2.72948142  0.        ],1727361694.0449917,[550.97719249 -12.69759304  25.65812902 -73.68894524]
[ 0.18313485 -0.21225965  2.1033854  -0.8067004 ],[ 0.23806293 -0.23282699  1.95930672 -0.79587024],[ 0.23658378 -0.24688363  1.93688749 -0.79685733],[-0.36320132  0.00245872 -0.00265072 -0.24426922],1727361694.046699,[ 43.35900154 -48.8800891  -39.28411411   3.78241617]
[ 0.30503792 -0.21485665  2.157756   -0.8179933 ],[ 0.23247788 -0.23308878  1.98356676 -0.79587024],[ 0.23505708 -0.24425812  1.94028322 -0.79685733],[-0.03053384  0.05251006  0.06791445  0.        ],1727361694.0482209,[-194.84187049  -38.06124278  -48.35785452  -33.32000697]
[ 0.24467918 -0.21245061  2.1407804  -0.78841484],[ 0.22689283 -0.23335057  2.00782681 -0.79587024],[ 0.25253316 -0.24388358  1.96915776 -0.79685733],[0.3495215  0.00749087 0.57749087 0.        ],1727361694.049691,[ 47.05057512 -41.78274607 -37.29482219  25.34175823]
[ 0.2134064  -0.21596067  2.196835   -0.812509  ],[ 0.21999877 -0.23239057  2.02641451 -0.79587024],[ 0.24942407 -0.24319867  1.97120746 -0.79685733],[-0.06218186  0.01369823  0.04099396  0.        ],1727361694.0513494,[ 86.36214218 -35.35277079 -50.18243069 -32.22538039]
[ 0.1466836  -0.24568105  2.1757069  -0.7908653 ],[ 0.21310471 -0.23143056  2.04500222 -0.79587024],[ 0.23124989 -0.24293627  2.01324501 -0.79685733],[-0.36348355  0.00524791  0.84075098  0.        ],1727361694.0528557,[195.85226614   7.92143699 -35.10490239  18.29843436]
[ 0.17345208 -0.22151425  2.220468   -0.8067702 ],[ 0.20359267 -0.23177967  2.05451429 -0.79587024],[ 0.21295314 -0.24301365  2.01438467 -0.79685733],[-0.3659349  -0.00154747  0.02279327  0.        ],1727361694.054354,[ 64.81955539 -31.85482932 -45.77805026 -20.71929654]
[ 0.2208937  -0.22137718  2.2127807  -0.8002371 ],[ 0.19408062 -0.23212878  2.06402636 -0.79587024],[ 0.19619851 -0.24282602  2.03175369 -0.79685733],[-0.33509271  0.00375249  0.34738044  0.        ],1727361694.056126,[-76.88059259 -28.30522482 -39.57337895  -1.32540588]
[ 0.19568819 -0.20062904  2.2235396  -0.80287063],[ 0.18631388 -0.2328269   2.06987321 -0.79325208],[ 0.21319889 -0.24267378  2.03564687 -0.79685733],[0.34000774 0.00304478 0.07786353 0.        ],1727361694.0576034,[ 53.20963732 -58.45169555 -41.40560763  -9.20168172]
[ 0.15648313 -0.2637897   2.2428603  -0.7840934 ],[ 0.17854713 -0.23352501  2.07572007 -0.79063392],[ 0.20502847 -0.22876217  2.04185334 -0.79685733],[-0.16340855  0.27823228  0.12412945  0.        ],1727361694.059199,[113.67496169  57.28541685 -44.35372543  25.8615062 ]
[ 0.11611132 -0.2002973   2.2013934  -0.7938    ],[ 0.17296208 -0.23343779  2.07572007 -0.78801605],[ 0.1865693  -0.25076031  2.05457656 -0.79685733],[-0.36918332 -0.43996291  0.2544643   0.        ],1727361694.0607107,[155.88199604 -78.86710734 -31.75346636  -0.62354326]
[ 0.15235575 -0.2822886   2.2207236  -0.7754249 ],[ 0.16737704 -0.23335057  2.07572007 -0.78539819],[ 0.16798895 -0.21274038  2.05496502 -0.79685733],[-0.37160703  0.76039871  0.0077692   0.        ],1727361694.062195,[ 11.09435558 109.00849619 -36.65782694  37.11092048]
[ 0.17232493 -0.20000696  2.2297282  -0.77401954],[ 0.16048301 -0.23326332  2.07537103 -0.78103486],[ 0.16796151 -0.2499965   2.05678315 -0.79685733],[-5.48841360e-04 -7.45122486e-01  3.63626979e-02  0.00000000e+00],1727361694.0637505,[-16.99018988 -83.12312165 -38.12034767  30.82046019]
[ 0.15744789 -0.26847583  2.2148087  -0.760677  ],[ 0.15358898 -0.23317607  2.07502198 -0.77667153],[ 0.16806506 -0.21150139  2.0594871  -0.79685733],[0.00207096 0.76990216 0.05407906 0.        ],1727361694.065408,[ 28.08621559  90.54063339 -33.99310709  54.16248712]
[ 0.08152127 -0.19764966  2.1982672  -0.77158135],[ 0.14739304 -0.23326332  2.07545829 -0.77143547],[ 0.16803252 -0.24874817  2.06032547 -0.79271822],[-6.50708893e-04 -7.44935598e-01  1.67672787e-02  8.27822219e-02],1727361694.0670226,[210.68044246 -82.94337172 -30.17200058  20.6797944 ]
[ 0.1189767  -0.27705258  2.203489   -0.7376512 ],[ 0.1411971  -0.23335057  2.07589459 -0.76619941],[ 0.14932446 -0.21027698  2.06051952 -0.79271822],[-0.37416117  0.76942396  0.00388101  0.        ],1727361694.0685372,[ 41.32085863 105.04222635 -31.50398358  88.97486026]
[ 0.08607798 -0.18751998  2.2040882  -0.76339453],[ 0.13421582 -0.23343786  2.0765928  -0.75921822],[ 0.14829396 -0.24752657  2.06087313 -0.74271822],[-0.02061012 -0.74499184  0.0070723   1.        ],1727361694.070009,[142.57472685 -97.38417837 -31.50978636 -63.64946757]
[ 0.12295628 -0.28575206  2.210236   -0.7505383 ],[ 0.12723455 -0.23352514  2.07729101 -0.75223702],[ 0.12944279 -0.2087452   2.06122764 -0.74271822],[-0.37702323  0.77562729  0.00709015  0.        ],1727361694.0715754,[ -8.37830581 121.29129559 -32.84025205  -4.15147375]
[ 0.10068683 -0.21793047  2.2118487  -0.76036906],[ 0.12042777 -0.23282699  2.07729089 -0.74351037],[ 0.12957397 -0.24599107  2.0618047  -0.74271822],[ 0.00262348 -0.74491743  0.01154113  0.        ],1727361694.0730488,[ 69.19098747 -52.10247181 -33.02013202 -28.01785895]
[ 0.1345309  -0.23358804  2.221461   -0.7369882 ],[ 0.113621   -0.23212884  2.07729077 -0.73478371],[ 0.1112744  -0.24113554  2.0624181  -0.74271822],[-0.36599138  0.09711065  0.01226803  0.        ],1727361694.0746722,[-69.12983764  -7.02195223 -35.08015721  18.7864635 ]
[ 0.10592325 -0.21771573  2.2074988  -0.72205156],[ 0.10637787 -0.2325652   2.07807624 -0.72431162],[ 0.12730986 -0.24101349  2.06358432 -0.74271822],[0.32070918 0.00244098 0.02332446 0.        ],1727361694.076278,[ 62.26954453 -33.0110058  -31.50868635  34.44954196]
[ 0.0940439  -0.22281004  2.219723   -0.6941232 ],[ 0.09913474 -0.23300156  2.07886171 -0.71383953],[ 0.11109466 -0.24080718  2.06393925 -0.74271822],[-0.32430395  0.00412619  0.00709854  0.        ],1727361694.0777485,[ 33.9295218  -22.99631328 -34.39207034  77.55099553]
[ 0.05422225 -0.20535828  2.2049565  -0.6903112 ],[ 0.09276425 -0.23221613  2.07947254 -0.70336774],[ 0.11090041 -0.24067585  2.06488968 -0.69271822],[-0.00388511  0.00262675  0.01900859  1.        ],1727361694.0793314,[134.05467647 -49.10225143 -30.65627996 -18.9929514 ]
[ 0.07963135 -0.22761253  2.2218828  -0.6936288 ],[ 0.08639377 -0.23143069  2.08008337 -0.69289595],[ 0.09175622 -0.23793862  2.06513637 -0.69271822],[-0.38288378  0.05474444  0.00493385  0.        ],1727361694.0807986,[  7.80479809 -10.04767395 -34.65234929  -2.79441629]
[ 0.07380401 -0.21556993  2.207035   -0.68269515],[ 0.08037243 -0.23012169  2.0806942  -0.68155113],[ 0.0917271  -0.23781638  2.06616526 -0.69271822],[-0.00058227  0.0024448   0.02057774  0.        ],1727361694.0822601,[ 39.74143288 -31.07421457 -30.83131701  18.4785836 ]
[ 0.0672477  -0.22434172  2.2182755  -0.66397136],[ 0.07435109 -0.22881268  2.08130503 -0.67020631],[ 0.09097556 -0.23763923  2.06643259 -0.69271822],[-0.01503092  0.00354315  0.00534671  0.        ],1727361694.0838275,[ 51.87598292 -16.26980028 -33.51605602  46.93324674]
[ 0.05648251 -0.21157044  2.2130299  -0.6463759 ],[ 0.06920233 -0.2267183   2.08174145 -0.65973449],[ 0.08376469 -0.23751535  2.06715643 -0.69271822],[-0.14421733  0.00247757  0.01447668  0.        ],1727361694.0853744,[ 58.41873499 -36.0604014  -32.03197713  69.61768869]
[ 0.06022792 -0.21080558  2.2146277  -0.63578063],[ 0.06405358 -0.22462392  2.08217788 -0.64926267],[ 0.06992933 -0.23723002  2.0675912  -0.66065317],[-0.27670715  0.00570657  0.00869545  0.64130109],1727361694.086893,[ 13.35614864 -34.94901141 -32.35976093  22.52627174]
[ 0.06763701 -0.19626275  2.2296724  -0.6249332 ],[ 0.05838125 -0.22139504  2.08610487 -0.63529998],[ 0.06990173 -0.23697973  2.06808115 -0.66065317],[-0.00055211  0.00500571  0.0097991   0.        ],1727361694.088543,[  1.80617652 -55.7954122  -35.69678672  52.35715134]
[ 0.05992017 -0.21158533  2.242      -0.6031726 ],[ 0.05270891 -0.21816616  2.09003186 -0.62133729],[ 0.06987176 -0.22769379  2.0694801  -0.66001109],[-0.00059931  0.18571883  0.02797903  0.01284147],1727361694.0900226,[ 23.82437595 -17.73529191 -38.06456982  85.16374947]
[ 0.03688758 -0.17451903  2.2643867  -0.581361  ],[ 0.04878195 -0.21511178  2.09797299 -0.60912004],[ 0.06986688 -0.22756934  2.07216455 -0.61001109],[-9.77159380e-05  2.48899584e-03  5.36888733e-02  1.00000000e+00],1727361694.091478,[ 77.99043374 -75.32238987 -42.48745942  24.2876778 ]
[ 0.05066592 -0.23642826  2.2771366  -0.58375454],[ 0.04485498 -0.2120574   2.10591412 -0.59690279],[ 0.05047176 -0.19063232  2.08044969 -0.61001109],[-0.38790234  0.73874038  0.16570282  0.        ],1727361694.0929768,[-13.4628559   74.62124186 -43.31611531  33.5097735 ]
[ 0.04089978 -0.16996174  2.2750978  -0.5730224 ],[ 0.04101524 -0.20751964  2.11533904 -0.5829401 ],[ 0.05059655 -0.22750835  2.09062573 -0.61001109],[ 0.00249578 -0.73752044  0.20352086  0.        ],1727361694.0945323,[ 24.15931046 -90.77671963 -40.46074511  53.976431  ]
[ 0.05415447 -0.22022498  2.2867439  -0.54956114],[ 0.03717549 -0.20298187  2.12476397 -0.56897742],[ 0.05059355 -0.18894219  2.0956843  -0.60587986],[-5.98941623e-05  7.71323050e-01  1.01171367e-01  8.26245901e-02],1727361694.0960283,[-12.6605518   54.02786574 -42.09951015  83.619113  ]
[ 0.04635956 -0.18615197  2.3172998  -0.52641803],[ 0.03394668 -0.19844398  2.13567221 -0.55501473],[ 0.0507208  -0.2033986   2.10332164 -0.55587986],[ 0.00254499 -0.28912808  0.15274675  1.        ],1727361694.0975866,[ 12.23315395 -29.72272716 -47.30622241  25.99832404]
[ 0.02112216 -0.18329407  2.281314   -0.5329269 ],[ 0.03071786 -0.19390608  2.14658046 -0.54105204],[ 0.05069238 -0.20323666  2.12897846 -0.55587986],[-0.00056854  0.00323867  0.51313633  0.        ],1727361694.0991006,[ 71.72400535 -26.71069798 -32.89244336  27.17364197]
[ 0.03449908 -0.17840093  2.330326   -0.5112393 ],[ 0.02766348 -0.18901919  2.16132855 -0.52534419],[ 0.03142788 -0.20309447  2.12958901 -0.55587986],[-0.38528996  0.00284378  0.01221102  0.        ],1727361694.1006382,[-19.26646274 -33.27657541 -44.65004537  69.3356072 ]
[ 0.06278551 -0.16439871  2.3416796  -0.49907544],[ 0.0246091  -0.18413229  2.17607665 -0.50963634],[ 0.03152266 -0.20288474  2.14393577 -0.52556623],[0.00189561 0.00419467 0.28693534 0.60627272],1727361694.1021438,[-76.4355924  -52.77884367 -43.47346423  26.255991  ]
[ 0.02997249 -0.1575033   2.3495328  -0.4806741 ],[ 0.02225293 -0.1809034   2.18724668 -0.49567366],[ 0.04981713 -0.19743118  2.1548835  -0.52556623],[0.36588949 0.10907126 0.21895452 0.        ],1727361694.1036818,[ 61.59120382 -52.91147973 -42.79167171  68.09028373]
[ 0.01914143 -0.16661279  2.3515584  -0.45935723],[ 0.01989677 -0.17767452  2.19841671 -0.48171097],[ 0.03340699 -0.19184912  2.16422521 -0.49699952],[-0.3282028   0.11164112  0.18683428  0.57133423],1727361694.1051502,[ 27.61910468 -31.20579165 -41.13956455  46.20788145]
[ 0.00894361 -0.14894319  2.3530774  -0.45507172],[ 0.01588252 -0.17619094  2.19876575 -0.46425769],[ 0.03337878 -0.19167192  2.17047166 -0.49699952],[-0.00056434  0.00354402  0.12492894  0.        ],1727361694.1067688,[ 55.07224286 -58.90962521 -40.12561666  57.4017149 ]
[ 0.00816089 -0.1776364   2.345836   -0.42558774],[ 0.01186827 -0.17470737  2.1991148  -0.4468044 ],[ 0.02254639 -0.17701092  2.17532238 -0.48763612],[-0.21664765  0.29322011  0.09701432  0.18726801],1727361694.1082795,[ 26.11015993   7.04090428 -37.39108906  91.56173694]
[-0.004482   -0.15779787  2.3381555  -0.39221114],[ 0.00671952 -0.17470744  2.19963849 -0.43109627],[ 0.02253464 -0.17708789  2.17769707 -0.43763612],[-2.35059615e-04 -1.53957989e-03  4.74937916e-02  1.00000000e+00],1727361694.109806,[ 61.43640487 -28.3179194  -35.19950089  51.98174105]
[-2.9879971e-04 -1.7530791e-01  2.3539000e+00 -4.0197745e-01],[ 1.57075899e-03 -1.74707502e-01  2.20016217e+00 -4.15388137e-01],[ 0.00598839 -0.17693742  2.17898376 -0.43700345],[-0.33092511  0.00300943  0.02573386  0.01265333],1727361694.111296,[  4.98110085   0.38085598 -38.62729147  41.2428327 ]
[ 0.00502288 -0.17080218  2.3487244  -0.38143262],[-0.0054978  -0.17479472  2.19990027 -0.39618967],[ 0.00595764 -0.17701426  2.18229045 -0.43700345],[-0.00061495 -0.00153671  0.06613377  0.        ],1727361694.1127312,[ -0.15307703  -8.85689477 -36.52995856  83.21498439]
[-0.04210746 -0.17063917  2.3372378  -0.3460249 ],[-0.01256637 -0.17488194  2.19963837 -0.37699121],[ 0.00610424 -0.1768935   2.18417281 -0.38700345],[0.00293209 0.00241507 0.03764723 1.        ],1727361694.11418,[119.37066865  -8.26177221 -33.53955114  47.08741333]
[-0.02577798 -0.1802296   2.3419993  -0.3432465 ],[-0.01797691 -0.17558002  2.20059824 -0.35953793],[-0.01404398 -0.17677281  2.18495048 -0.38700345],[-0.4029645   0.00241396  0.01555334  0.        ],1727361694.1156912,[ 10.16641951   5.95517167 -34.5908959   59.09280934]
[-0.00968965 -0.17768303  2.3453276  -0.32489023],[-0.02338745 -0.1762781   2.20155811 -0.34208465],[-0.01407417 -0.17684974  2.18602874 -0.3741534 ],[-0.00060382 -0.00153872  0.02156525  0.25700105],1727361694.1173143,[-15.50789471   0.72383166 -35.06842907  67.67039021]
[-0.02556306 -0.17669061  2.3359818  -0.3047969 ],[-0.03010694 -0.17627817  2.20164549 -0.32114075],[-0.01395298 -0.17692658  2.18727209 -0.34559307],[ 0.00242389 -0.00153676  0.02486701  0.57120649],1727361694.1188135,[ 30.56055359  -0.46476449 -32.60940827  49.78674314]
[-0.05249355 -0.18139876  2.3387623  -0.27980074],[-0.03682643 -0.17627823  2.20173287 -0.30019686],[-0.01403622 -0.1768062   2.18784304 -0.34559307],[-0.00166481  0.00240769  0.01141909  0.        ],1727361694.1202612,[ 90.94290162   6.75439409 -33.22450873  98.84403995]
[-0.0674577  -0.17093423  2.3051054  -0.24295758],[-0.04197519 -0.17627817  2.20190728 -0.28187084],[-0.03440713 -0.17688316  2.18854623 -0.29559307],[-0.40741825 -0.00153932  0.01406382  1.        ],1727361694.121798,[ 66.94758251  -9.36381752 -25.29667101  63.16357638]
[-0.0256098 -0.1837818  2.3492744 -0.2486809],[-0.04712394 -0.1762781   2.20208168 -0.26354483],[-0.05382639 -0.17676236  2.18864314 -0.27576429],[-0.38838509  0.00241604  0.00193819  0.39657561],1727361694.1232746,[-83.08743202  11.12481246 -35.78311957  23.48506408]
[-0.02961289 -0.17336512  2.3526323  -0.23458384],[-0.05262171 -0.17627817  2.20216906 -0.24260093],[-0.03399862 -0.17683965  2.19017389 -0.27576429],[ 0.3965553  -0.00154588  0.03061481  0.        ],1727361694.1247745,[  0.2136411   -6.09080899 -35.75927273  61.1247632 ]
[-0.07104664 -0.18187979  2.3128772  -0.201664  ],[-0.05811947 -0.17627823  2.20225644 -0.22165702],[-0.03403037 -0.1767191   2.19169539 -0.25942764],[-0.00063488  0.00241105  0.03043011  0.32673304],1727361694.1262884,[ 93.65985586   8.05004181 -26.2439219   84.2079458 ]
[-0.09889014 -0.17885622  2.3083694  -0.16113245],[-0.06414087 -0.17636545  2.20243096 -0.1989677 ],[-0.05464511 -0.17679613  2.19175823 -0.20942764],[-0.41229483 -0.00154058  0.00125672  1.        ],1727361694.127791,[ 95.31737306   2.27481811 -25.60838308  59.20479106]
[-0.05781409 -0.17787492  2.3379192  -0.16387184],[-0.07016228 -0.17645267  2.20260549 -0.17627837],[-0.07552389 -0.17687299  2.19184491 -0.19658508],[-0.41757562 -0.0015371   0.00173366  0.25685124],1727361694.1292462,[-61.39889701   1.17085952 -32.43333972  35.70213849]
[-0.06141194 -0.1766671   2.3275447  -0.145518  ],[-0.07557276 -0.17592909  2.20216918 -0.15707964],[-0.0618733  -0.17694983  2.19238284 -0.19658508],[ 0.27301185 -0.00153685  0.01075853  0.        ],1727361694.1307912,[  5.82476161  -0.5573788  -29.62561425  76.21838454]
[-0.09530744 -0.17665796  2.3010733  -0.10724752],[-0.08098324 -0.17540552  2.20173287 -0.13788091],[-0.06190522 -0.17682944  2.19253594 -0.15406708],[-6.38425492e-04  2.40772694e-03  3.06200659e-03  8.50360045e-01],1727361694.1322956,[ 83.13934695  -0.21039801 -23.60984853  59.76299948]
[-0.10600661 -0.17832398  2.3040864  -0.10230985],[-0.08639378 -0.17540558  2.2019074  -0.11693701],[-0.08284526 -0.17670906  2.19267708 -0.1394812 ],[-0.4188009   0.00240758  0.00282294  0.29171746],1727361694.1337748,[ 44.37639765   2.38779093 -24.53900515  44.43505073]
[-0.08785029 -0.17679308  2.3237562  -0.08708084],[-0.09180433 -0.17540564  2.20208192 -0.09599311],[-0.08502707 -0.17678592  2.19279629 -0.1394812 ],[-0.04363627 -0.00153713  0.00238407  0.        ],1727361694.1354606,[ -2.10457734  -0.22104673 -29.00825327  76.47841443]
[-0.10227296 -0.17518346  2.2921243  -0.03728219],[-0.09660401 -0.17592922  2.20269287 -0.07417649],[-0.0848727  -0.17666554  2.19289527 -0.09696561],[0.00308744 0.00240757 0.00197963 0.85031187],1727361694.1369364,[ 42.10405781  -2.16984712 -21.51053739  82.27797076]
[-0.11498219 -0.17750086  2.2805023  -0.02014841],[-0.10140369 -0.1764528   2.20330381 -0.05235988],[-0.08624627 -0.17654513  2.19307069 -0.04696561],[-0.02747125  0.00240823  0.0035084   1.        ],1727361694.1384187,[ 64.51979988   1.61104572 -19.11604078  19.62292643]
[-0.11021475 -0.17952204  2.338483   -0.02116414],[-0.10716324 -0.17654008  2.20347834 -0.02792538],[-0.10552836 -0.17662198  2.19326844 -0.04696561],[-0.38564188 -0.00153693  0.00395495  0.        ],1727361694.1399395,[  0.32866531   4.106826   -32.52967438  33.57039273]
[-1.13044254e-01 -1.77756265e-01  2.32222915e+00  1.00202789e-03],[-0.1129228  -0.17662737  2.20365286 -0.00349087],[-0.10556161 -0.17669886  2.19382533 -0.04696561],[-0.000665   -0.00153772  0.01113783  0.        ],1727361694.1414547,[ 16.73933941   1.13159729 -28.07938773  73.95704205]
[-0.11792184 -0.17449482  2.2640944   0.04104831],[-0.1173734  -0.17671465  2.20304191  0.01658052],[-0.10558907 -0.1767757   2.19385709 -0.00794521],[-5.49237348e-04 -1.53683215e-03  6.35275883e-04  7.80407979e-01],1727361694.1429904,[ 27.68449125  -3.48934942 -14.86587883  65.16388298]
[-0.13304405 -0.18016401  2.1909406   0.05792356],[-0.12182401 -0.17680193  2.20243096  0.03665191],[-0.10562068 -0.17665526  2.19407269  0.01536273],[-0.00063226  0.00240895  0.0043119   0.46615878],1727361694.1446264,[63.25446831  5.46156573  1.42861293 53.09259783]
[-0.19136626 -0.18014778  2.0898855   0.0740119 ],[-0.12566376 -0.1768018   2.18262148  0.05846853],[-0.12458404 -0.17673218  2.19359755  0.01772193],[-0.37926706 -0.0015384  -0.00950275  0.04718408],1727361694.1461117,[155.06648111   4.4952366   23.8305013   80.89274087]
[-0.2884394  -0.16752973  1.9191862   0.10765173],[-0.1295035  -0.17680167  2.16281199  0.08028515],[-0.14647826 -0.17680907  2.19327766  0.06772193],[-0.43788437 -0.0015379  -0.00639778  1.        ],1727361694.1475637,[326.28918548 -14.06867112  62.01753653  44.85445228]
[ 0.26813757 -0.10229024  2.58524     0.16939804],[-0.13098702 -0.17662723  2.08566844  0.10471976],[-0.16873129 -0.1766874   1.67589217  0.06772193],[-4.45060770e-01  2.43344751e-03 -1.03477099e+01  0.00000000e+00],1727361694.1490157,[-1140.8834332   -107.53954192  -211.98557212   163.85070328]
[-0.05281736 -0.17711009  2.3248289   0.17081611],[-0.13247053 -0.1764528   2.00852489  0.12915437],[-0.14674548 -0.13840774  1.80069169  0.11772193],[0.43971622 0.76559313 2.49599041 1.        ],1727361694.1504948,[ -61.32829965   67.30104638 -111.42726231   46.76497335]
[-0.3214513  -0.14575934  1.5607787   0.1944122 ],[-0.13089973 -0.17636552  1.92248017  0.145735  ],[-0.13239378 -0.17358548  1.93823892  0.11772193],[ 0.28703401 -0.70355483  2.75094466  0.        ],1727361694.1519501,[506.51336831 -46.26803228  92.12934167 112.55727917]
[-0.13169135 -0.2323716   2.3245058   0.19563247],[-0.12932894 -0.17627823  1.83643544  0.16231562],[-0.15441358 -0.17202556  1.59516848  0.16772193],[-0.44039593  0.03119848 -6.86140872  1.        ],1727361694.153402,[-130.84598773   92.29713304 -171.61072813   13.42766377]
[-0.21353531 -0.0987308   1.3821737   0.10920209],[-0.12548919 -0.17558008  1.72159278  0.18413224],[-0.13269345 -0.20920101  1.71207369  0.16772193],[ 0.43440262 -0.74350907  2.33810414  0.        ],1727361694.1549654,[ 209.72233542 -170.30889311   83.25511818 -118.73276169]
[-0.13636865 -0.18116465  1.8672464   0.25729966],[-0.12164944 -0.17488194  1.60675013  0.20594886],[-0.15471812 -0.17071132  1.48415718  0.11772193],[-0.44049336  0.76979394 -4.55833017 -1.        ],1727361694.1564155,[-77.39211101  31.13400169 -91.46655506 279.3294578 ]
[-0.4167946  -0.12608707  1.1090136   0.2414601 ],[-0.11955507 -0.174882    1.52620322  0.22427481],[-0.1338342  -0.17086276  1.59083133  0.16772193],[ 0.4176784  -0.00302881  2.13348288  1.        ],1727361694.1579452,[709.98283709 -67.02153177 114.7181738   65.73137092]
[-0.05166186 -0.18320411  1.4646235   0.3130817 ],[-0.11746069 -0.17488207  1.4456563   0.24260075],[-0.15587744 -0.14093966  1.40484975  0.19276811],[-0.44086496  0.59846198 -3.71963157  0.5009235 ],1727361694.159515,[-370.20303416   68.26717045  -18.60945752  181.17018591]
[-0.11499824 -0.20724559  1.2658162   0.3005496 ],[-0.11946778 -0.17514385  1.38954389  0.2635447 ],[-0.13413052 -0.17652642  1.40496345  0.24276811],[ 0.43493859 -0.71173523  0.00227406  1.        ],1727361694.1609395,[-6.49766473 38.89417402 32.61751702 46.25616175]
[-0.32336438 -0.12395144  0.9950086   0.29558045],[-0.12147488 -0.17540564  1.33343148  0.28448865],[-0.13397426 -0.17712089  1.40460635  0.24276811],[ 0.00312503 -0.01188936 -0.0071421   0.        ],1727361694.162449,[477.89972218 -82.20995733  92.83764925  67.32709464]
[-0.08984222 -0.21702051  1.3000313   0.34988335],[-0.12435468 -0.17453292  1.28735477  0.30368727],[-0.1560198  -0.13922505  1.26378378  0.26955676],[-0.44091066  0.75791674 -2.81645139  0.53577311],1727361694.1640131,[-238.90256486  121.46515447  -12.46857672  119.23791711]
[-0.16046959 -0.07583601  1.0517508   0.35131124],[-0.12723449 -0.1736602   1.24127805  0.3228859 ],[-0.13427027 -0.17638543  1.26389461  0.31955676],[ 0.43499045 -0.74320753  0.00221659  1.        ],1727361694.1654572,[  91.11612875 -158.29274574   49.17542292   18.60131706]
[-0.14557675 -0.22025491  1.0785607   0.36580396],[-0.12740906 -0.16990768  1.19633579  0.34121187],[-0.15631372 -0.13810591  1.231691    0.31955676],[-0.4408689   0.76559027 -0.64407206  0.        ],1727361694.1669822,[-36.97838346 134.62832727  33.09380854  68.00280672]
[-0.24596444 -0.10054547  0.85627544  0.3403173 ],[-0.12758364 -0.16615516  1.15139353  0.35953784],[-0.15555914 -0.17526628  1.23134626  0.34808782],[ 0.01509165 -0.74320725 -0.00689479  0.57062124],1727361694.1685057,[ 228.75666923 -121.12031564   84.75273905  -36.18560115]
[ 0.23031265 -0.16100721  1.0479436   0.39468098],[-0.12627462 -0.1543742   1.11064011  0.37611847],[-0.17796727 -0.13699322  1.11741545  0.34808782],[-0.44816272  0.76546104 -2.27861622  0.        ],1727361694.1699967,[-1049.58753631    45.85308173    12.20337396    87.59749872]
[-0.07367643 -0.12179322  0.8754953   0.41076705],[-0.12496561 -0.14259323  1.06988668  0.39269909],[-0.15580378 -0.13985445  1.11732917  0.39808782],[ 0.4432698  -0.05722461 -0.00172556  1.        ],1727361694.171452,[-43.27251456 -29.87274444  54.94085831   0.45787597]
[-0.00192326 -0.09003526  0.95359075  0.42172408],[-0.12418018 -0.12566359  1.03785992  0.40753439],[-0.15365969 -0.13969266  1.05026949  0.39808782],[ 0.04288189  0.00323594 -1.34119367  0.        ],1727361694.1729023,[-344.52726001  -70.07739027   19.80616181   36.4592548 ]
[-0.14864185 -0.09143647  0.85891104  0.42622566],[-0.12339474 -0.10873394  1.00583315  0.42236969],[-0.13195301 -0.10636873  1.05019562  0.39808782],[ 0.43413355  0.66647846 -0.0014775   0.        ],1727361694.174466,[101.17186595 -14.73240206  43.03622888  39.30272465]
[-0.05475444 -0.04699377  0.79427004  0.4417838 ],[-0.12348203 -0.09459675  0.98558739  0.43109633],[-0.15396488 -0.10624784  1.04435039  0.39808782],[-0.44023744  0.00241795 -0.11690454  0.        ],1727361694.17603,[-252.9677944   -84.56933894   55.61033245   65.14655719]
[-0.08995107 -0.07200053  0.8925944   0.47797674],[-0.12356932 -0.08045956  0.96534163  0.43982297],[-0.13225268 -0.06850722  0.97736667  0.42137864],[ 0.434244    0.75481235 -1.33967427  0.46581623],1727361694.1774993,[-66.01105409  13.60662965  16.98359941  80.90253258]
[-0.26954767  0.02629078  0.5794393   0.42356756],[-0.12356932 -0.05506512  0.91865414  0.45204028],[-0.11506419 -0.06858504  0.9772923   0.47137864],[ 0.3437699  -0.00155649 -0.00148759  1.        ],1727361694.179014,[ 400.32508247 -139.33828972   90.68351453 -113.22701185]
[-0.04260948 -0.03621194  0.74650663  0.46974322],[-0.12356932 -0.02967068  0.87196666  0.4642576 ],[-0.13680887 -0.03070684  0.88637473  0.42137864],[-0.43489371  0.757564   -1.81835124 -1.        ],1727361694.1804876,[-294.75832287   21.65733378   28.17048562  110.00559259]
[-0.3510925   0.06435882  0.4601737   0.42118388],[-0.1220858  -0.02879796  0.82641342  0.46862091],[-0.11539907 -0.03079091  0.88636591  0.47137864],[ 4.28195976e-01 -1.68135903e-03 -1.76413855e-04  1.00000000e+00],1727361694.1819274,[ 622.44504724 -140.02752679   96.64843157 -113.56557171]
[-0.0955909  -0.05949918  0.6587975   0.49520218],[-0.12060229 -0.02792524  0.78086019  0.47298422],[-0.13714896  0.00703953  0.80074321  0.42137864],[-0.43499761  0.75660895 -1.71245406 -1.        ],1727361694.1834252,[-195.98250895  111.01075635   28.36284671  156.97590519]
[-0.38503212  0.02414133  0.33775622  0.4260175 ],[-0.12121315 -0.02809975  0.73696515  0.47211157],[-0.11573332 -0.03043519  0.80073041  0.47137864],[ 4.28312737e-01 -7.49494584e-01 -2.55950103e-04  1.00000000e+00],1727361694.1848786,[ 685.18773302  -89.40408768  105.09029079 -117.08534591]
[-0.08489341 -0.05278429  0.5485756   0.4786835 ],[-0.12182401 -0.02827425  0.69307011  0.47123891],[-0.13748839  0.0073142   0.71919875  0.42137864],[-0.43510141  0.75498787 -1.6306332  -1.        ],1727361694.1863363,[-236.62090759   95.769821     34.59020445  124.92209167]
[-3.8548002e-01 -1.5512668e-04  2.5506452e-01  4.0367821e-01],[-0.12426747 -0.02879783  0.64550993  0.46862091],[-0.11606692 -0.03016006  0.71880208  0.47137864],[ 0.4284294  -0.74948526 -0.0079334   1.        ],1727361694.1879957,[ 689.81578671  -52.52374463  104.97685838 -149.36712218]
[-0.14794514 -0.02072285  0.47681355  0.45849445],[-0.12671092 -0.0293214   0.59794974  0.46600291],[-0.13782717 -0.02503947  0.64057456  0.42137864],[-0.43520509  0.1024118  -1.56455053 -1.        ],1727361694.1896272,[-80.91203639  -2.0152703   33.003657    99.30467039]
[-0.38129455 -0.04196936  0.16964206  0.43873966],[-0.12845622 -0.02905975  0.55222219  0.46251224],[-0.11688562 -0.02492049  0.64035362  0.47137864],[ 0.418831    0.0023796  -0.00441873  1.        ],1727361694.1911938,[652.70355772  25.56746039 106.65060303 -76.56579392]
[-0.17364702 -0.01950691  0.38768753  0.43743098],[-0.13020152 -0.02879809  0.50649464  0.45902157],[-0.13865862 -0.02501621  0.56486783  0.45421543],[-0.43545996 -0.00191441 -1.50971585 -0.34326409],1727361694.1928399,[-17.17418393 -10.50622694  36.02087338 -14.54528966]
[-0.36272848 -0.03219381  0.07707813  0.4103456 ],[-0.13063788 -0.02879796  0.45683987  0.45553091],[-0.13853613 -0.02489671  0.5642814   0.45421543],[ 0.00244982  0.00239004 -0.01172858  0.        ],1727361694.194472,[543.03265306  11.46810048 110.30975058 -70.90911586]
[-0.16391325 -0.02700642  0.26306182  0.4277969 ],[-0.13107423 -0.02879783  0.40718511  0.45204026],[-0.16065656 -0.0249744   0.49115083  0.44720622],[-0.44240868 -0.0015538  -1.46261126 -0.14018421],1727361694.1959507,[-80.15379539   1.92746472  47.56770929 -13.87926559]
[-0.31234366 -0.0249992   0.00149652  0.410186  ],[-0.13177238 -0.02888518  0.36311579  0.45029494],[-0.13937792 -0.0250516   0.47752919  0.44720622],[ 0.42557298 -0.00154399 -0.27243294  0.        ],1727361694.197568,[ 4.28295917e+02 -3.67994118e-01  1.07226458e+02 -5.73199363e+01]
[-0.12862521 -0.02863052  0.15693311  0.43746266],[-0.13247053 -0.02897253  0.31904647  0.44854963],[-0.16151227 -0.02493265  0.40679533  0.44720622],[-0.44268711  0.00237901 -1.41467723  0.        ],1727361694.1990404,[-149.75760937    5.41883113   52.68988676    0.23129827]
[-0.1692599  -0.03195251  0.10393204  0.4342257 ],[-0.13404133 -0.0293216   0.29339011  0.44854963],[-0.13966181 -0.02500992  0.37198499  0.44720622],[ 0.43700913 -0.00154537 -0.69620675  0.        ],1727361694.200526,[ 86.4541491    9.62938241  59.15501213 -18.688003  ]
[-0.00671032 -0.03565698  0.13398477  0.43659294],[-0.13561213 -0.02967068  0.26773375  0.44854963],[-0.16178162 -0.02508741  0.31302583  0.44720622],[-0.44239617 -0.0015498  -1.17918322  0.        ],1727361694.20218,[-396.78489083   14.47179356   38.49179094  -12.87326381]
[-0.16562636 -0.02981653  0.05537653  0.42955625],[-0.13674657 -0.02975796  0.26782097  0.44854963],[-0.13992616 -0.0251657   0.31189581  0.44720622],[ 0.43710924 -0.00156591 -0.0226003   0.        ],1727361694.2036593,[124.86508316   5.29058149  57.21522232 -26.67559792]
[ 0.09993896 -0.04822582  0.33811527  0.44965646],[-0.13788101 -0.02984525  0.26790819  0.44854963],[-0.1620696  -0.02524297  0.25928704  0.44720622],[-0.4428687  -0.00154526 -1.05217553  0.        ],1727361694.2052088,[-660.84003649   32.96544154  -20.72251695   12.88241258]
[-0.06034631 -0.02811687  0.38745233  0.44306478],[-0.13665929 -0.02984525  0.26834454  0.44942228],[-0.14020879 -0.02543877  0.25934263  0.44720622],[ 0.43721614 -0.00391601  0.00111191  0.        ],1727361694.2067926,[-95.21989832   0.6242108  -28.68089345  -8.63074274]
[-0.11567693 -0.04449862  0.31008744  0.44983688],[-0.13543756 -0.02984525  0.26878089  0.45029494],[-0.11879288 -0.02551595  0.2593648   0.44720622],[ 0.4283181  -0.00154365  0.00044342  0.        ],1727361694.208239,[ 23.69508674  27.39454847 -10.37891785   6.72308675]
[-0.16671103 -0.02686913  0.38484117  0.4566302 ],[-0.1348267  -0.02975796  0.26869367  0.45204027],[-0.11879913 -0.02562247  0.25943172  0.44720622],[-0.00012498 -0.00213029  0.00133827  0.        ],1727361694.2097797,[120.22041986  -0.8970434  -28.34292313  15.7004419 ]
[-0.11944295 -0.04531765  0.3723179   0.46311238],[-0.13421583 -0.02967068  0.26860645  0.4537856 ],[-0.14060201 -0.02550351  0.25944658  0.44720622],[-4.36057620e-01  2.37919811e-03  2.97267326e-04  0.00000000e+00],1727361694.2112877,[-71.40878117  28.81650858 -24.70530965  24.107583  ]
[-0.1545669  -0.01976119  0.39413333  0.44667596],[-0.13508849 -0.02984518  0.2685191   0.45465827],[-0.12113554 -0.02562261  0.25948119  0.44720622],[ 0.38932948 -0.00238202  0.0006922   0.        ],1727361694.2128801,[ 91.35834853 -11.41791384 -29.84302192  -8.58943904]
[-0.08433734 -0.04512023  0.3720176   0.46817407],[-0.13596115 -0.03001968  0.26843175  0.45553094],[-0.14296864 -0.02550297  0.25953377  0.44720622],[-0.43666209  0.00239277  0.00105164  0.        ],1727361694.2145176,[-158.77529171   29.54741342  -24.52298048   37.9966285 ]
[-0.13990885 -0.01439997  0.3810188   0.44880098],[-0.13622293 -0.0301069   0.26843162  0.45640361],[-0.12145214 -0.02563051  0.25956987  0.44720622],[ 0.43033017 -0.0025508   0.00072191  0.        ],1727361694.2161942,[ 68.91638639 -19.24665049 -26.80912893  -7.19400453]
[-0.04653841 -0.04949219  0.39008746  0.47110522],[-0.13648471 -0.03019412  0.26843148  0.45727628],[-0.14245043 -0.02550748  0.2595814   0.44720622],[-4.19965910e-01  2.46058092e-03  2.30599085e-04  0.00000000e+00],1727361694.2176733,[-245.47167195   36.70828222  -28.80262717   42.25273363]
[-0.13845496 -0.02018813  0.38686612  0.45238897],[-0.13578656 -0.03001968  0.26851884  0.45727628],[-0.12094298 -0.02588678  0.25960636  0.44720622],[ 0.43014907 -0.00758594  0.00049918  0.        ],1727361694.2191422,[ 81.2437206  -11.77762252 -27.9644303   -2.1425819 ]
[-0.03348224 -0.05027089  0.38504842  0.46466622],[-0.13508841 -0.02984525  0.26860619  0.45727628],[-0.14272032 -0.02576708  0.25961374  0.44720622],[-4.35546893e-01  2.39401115e-03  1.47612311e-04  0.00000000e+00],1727361694.2206266,[-278.1964172    36.67485473  -27.57723362   28.94027179]
[-0.1253848  -0.01899572  0.3780963   0.4509662 ],[-0.13526299 -0.02984525  0.26851897  0.45727628],[-0.12120815 -0.02614386  0.25961416  0.44720622],[ 4.30243378e-01 -7.53567266e-03  8.49298089e-06  0.00000000e+00],1727361694.222112,[ 53.36923416 -13.97316406 -25.99599175  -1.61282226]
[-0.1468473  -0.0470509   0.37145147  0.45646018],[-0.13543756 -0.02984525  0.26843175  0.45727628],[-0.13109141 -0.02602366  0.25963608  0.44720622],[-0.19766506  0.00240402  0.00043828  0.        ],1727361694.2235239,[ 37.48738905  31.79518019 -24.53218529  14.85233486]
[-0.13790198 -0.02215139  0.36485875  0.4524078 ],[-0.13596114 -0.03001968  0.26843162  0.45727628],[-0.13160993 -0.02618931  0.2596721   0.44720622],[-0.01037046 -0.00331308  0.00072045  0.        ],1727361694.225088,[  9.42541161  -8.9233966  -23.07424265   4.92091791]
[-0.13007185 -0.04642323  0.3771809   0.45226243],[-0.13648471 -0.03019412  0.26843148  0.45727628],[-0.13164275 -0.02606999  0.25971786  0.44720622],[-0.00065641  0.00238647  0.00091531  0.        ],1727361694.2265337,[ -6.37804372  30.36298793 -25.9656126    6.60441108]
[-0.1316301  -0.02227379  0.37552732  0.45157605],[-0.13613564 -0.03019419  0.26851884  0.45640361],[-0.13148666 -0.02620895  0.25974013  0.44720622],[ 0.00312179 -0.0027793   0.00044526  0.        ],1727361694.227996,[  0.97452957  -8.67639479 -25.45628724   5.43869133]
[-0.12811899 -0.05268658  0.37327436  0.4558351 ],[-0.13578656 -0.03019425  0.26860619  0.45553094],[-0.13152051 -0.02608965  0.25976785  0.44720622],[-0.000677    0.00238601  0.00055454  0.        ],1727361694.2294323,[ -8.50445494  39.48501736 -24.94844124  13.43448343]
[-0.1279906  -0.02552181  0.37370768  0.44240126],[-0.13552478 -0.03010704  0.26860619  0.45465827],[-0.1313675  -0.02676857  0.25980038  0.44720622],[ 0.00306029 -0.01357833  0.00065046  0.        ],1727361694.2308927,[ -7.04802209  -5.637395   -25.06364674 -12.7908078 ]
[-0.12525657 -0.05492362  0.38343856  0.4431178 ],[-0.135263   -0.03001982  0.26860619  0.4537856 ],[-0.1312123  -0.02664947  0.25983186  0.44720622],[0.00310398 0.002382   0.00062976 0.        ],1727361694.2323117,[-13.46249716  41.55399455 -27.29124105  -5.05274505]
[-0.12947965 -0.02177778  0.38242543  0.43431062],[-0.13569935 -0.03010704  0.26851897  0.4537856 ],[-0.13107201 -0.0277272   0.25983616  0.44720622],[ 2.80581378e-03 -2.15546233e-02  8.59468957e-05  0.00000000e+00],1727361694.2337444,[ -1.61062495 -12.75952269 -26.95938048 -21.24963978]
[-0.13527982 -0.051703    0.38800237  0.43527016],[-0.13613571 -0.03019425  0.26843175  0.4537856 ],[-0.13091192 -0.0276073   0.25984553  0.44720622],[0.00320173 0.00239796 0.00018738 0.        ],1727361694.235295,[ 11.47487528  36.11358279 -28.25062658 -15.29502327]
[-0.13625816 -0.02770869  0.3776546   0.4301408 ],[-0.13604843 -0.03028154  0.26843175  0.45291293],[-0.13094403 -0.02794492  0.25985851  0.44720622],[-0.00064222 -0.00675241  0.00025947  0.        ],1727361694.2367446,[ 11.47895199  -3.80004484 -25.81070384 -24.98846754]
[-0.13516143 -0.05350377  0.3890327   0.431615  ],[-0.13596115 -0.03036883  0.26843175  0.45204026],[-0.13097614 -0.02782589  0.2598825   0.44720622],[-0.0006422   0.00238063  0.00048     0.        ],1727361694.2381883,[  8.30296144  37.60985443 -28.52748843 -19.87280455]
[-0.13703018 -0.02571921  0.3765201   0.42723414],[-0.13569935 -0.03028147  0.26851897  0.4511676 ],[-0.13100921 -0.02828107  0.25990128  0.44720622],[-0.00066144 -0.00910357  0.00037558  0.        ],1727361694.2396774,[ 13.30636165  -7.43010492 -25.52982468 -28.46599021]
[-0.13566253 -0.04800222  0.39013484  0.4249526 ],[-0.13543756 -0.03019412  0.26860619  0.45029494],[-0.13104038 -0.02816186  0.25992827  0.44720622],[-0.00062338  0.0023841   0.00053962  0.        ],1727361694.2411225,[  9.10971478  29.40084966 -28.78241068 -30.46991431]
[-0.13319257 -0.02723363  0.3807189   0.42735666],[-0.13561206 -0.03019419  0.26851897  0.45029494],[-0.13107327 -0.02828756  0.25995276  0.44720622],[-0.00065777 -0.00251384  0.00048984  0.        ],1727361694.242581,[  3.44420481  -4.38658116 -26.47338929 -25.04747127]
[-0.1365403  -0.04490674  0.38860047  0.42426306],[-0.13578656 -0.03019425  0.26843175  0.45029494],[-0.13110697 -0.02816851  0.25996883  0.44720622],[-0.00067403  0.00238103  0.00032152  0.        ],1727361694.2441218,[ 12.66004542  24.64515972 -28.37824509 -31.76989014]
[-0.13458425 -0.03103484  0.381862    0.4275302 ],[-0.13596114 -0.03028147  0.26843175  0.45029494],[-0.13113852 -0.02826036  0.25998443  0.44720622],[-0.00063097 -0.00183714  0.000312    0.        ],1727361694.2455637,[  6.41924638   1.66046783 -26.74498648 -24.40412838]
[-0.1347412  -0.04224647  0.3868639   0.42473155],[-0.13613571 -0.03036869  0.26843175  0.45029494],[-0.13117192 -0.02833754  0.25999686  0.44720622],[-0.00066799 -0.00154348  0.00024858  0.        ],1727361694.2469907,[  7.50844752  19.95602427 -27.96104062 -31.00990181]
[-0.1339878  -0.03325145  0.38490373  0.42702922],[-0.13587392 -0.03036869  0.26851897  0.45029494],[-0.13120515 -0.0284192   0.26000418  0.44720622],[-0.00066459 -0.00163333  0.00014635  0.        ],1727361694.2484512,[  5.50612904   5.07733044 -27.45807123 -25.53077691]
[-0.13375793 -0.03720244  0.38596404  0.4243277 ],[-0.13561213 -0.03036869  0.26860619  0.45029494],[-0.13123866 -0.02849644  0.26000576  0.44720622],[-6.70318448e-04 -1.54470392e-03  3.16806875e-05  0.00000000e+00],1727361694.2499263,[  5.16162817  12.04727347 -27.72148917 -31.49636593]
[-0.13247012 -0.0350148   0.38811782  0.4281528 ],[-0.13569935 -0.03028147  0.26851897  0.4511676 ],[-0.13127222 -0.02857419  0.2600087   0.44720622],[-6.71089664e-04 -1.55499267e-03  5.87588901e-05  0.00000000e+00],1727361694.2513878,[  1.98350317   8.17684601 -28.20568911 -23.31446872]
[-0.13465965 -0.03398084  0.38672447  0.42943525],[-0.13578656 -0.03019425  0.26843175  0.45204026],[-0.13130601 -0.02865155  0.26002077  0.44720622],[-0.00067594 -0.00154723  0.00024138  0.        ],1727361694.2528281,[  7.85761365   6.87534892 -27.86064813 -22.84210018]
[-0.13435252 -0.03349678  0.38764274  0.43047023],[-0.13596114 -0.03028147  0.26843175  0.45204026],[-0.13133918 -0.02872884  0.26002622  0.44720622],[-0.00066338 -0.00154591  0.000109    0.        ],1727361694.2544613,[  6.16394457   6.21320231 -28.08483499 -21.59472527]
[-0.13470261 -0.03358381  0.38793108  0.43044847],[-0.13613571 -0.03036869  0.26843175  0.45204026],[-0.13137262 -0.02880611  0.26003591  0.44720622],[-0.00066878 -0.00154538  0.00019371  0.        ],1727361694.2559566,[  7.08429402   6.30795808 -28.1397524  -22.1306839 ]
[-0.13411193 -0.03332107  0.38793933  0.4303873 ],[-0.13596114 -0.03036869  0.26843162  0.45204026],[-0.13140593 -0.02888339  0.26004667  0.44720622],[-0.00066611 -0.00154544  0.0002152   0.        ],1727361694.2574213,[  5.40994552   5.80899674 -28.1363624  -22.23036817]
[-0.13366397 -0.03310354  0.38795736  0.43029943],[-0.13578656 -0.03036869  0.26843148  0.45204026],[-0.13143946 -0.02896064  0.26005736  0.44720622],[-0.00067063 -0.00154508  0.00021386  0.        ],1727361694.2589872,[  4.45969803   5.42636968 -28.13807353 -22.35913628]
[-0.13334411 -0.03281293  0.38787675  0.43027297],[-0.13569935 -0.03036869  0.26843162  0.45204026],[-0.13147309 -0.02903788  0.26006809  0.44720622],[-0.00067256 -0.00154483  0.00021453  0.        ],1727361694.260474,[  3.77131419   4.93032757 -28.11698691 -22.36459075]
[-0.13329902 -0.03259082  0.38781086  0.4303106 ],[-0.13561213 -0.03036869  0.26843175  0.45204026],[-0.13150677 -0.02911511  0.2600784   0.44720622],[-0.00067373 -0.00154454  0.00020625  0.        ],1727361694.2619386,[  3.7147882    4.54502088 -28.1003732  -22.28415091]
[-0.13379133 -0.03242495  0.38765272  0.4313901 ],[-0.13578664 -0.03036876  0.26843175  0.45291293],[-0.13154047 -0.02919233  0.26008839  0.44720622],[-0.00067384 -0.00154434  0.00019976  0.        ],1727361694.2634518,[  4.88481716   4.23221644 -28.06246174 -20.3591472 ]
[-0.13429332 -0.03222172  0.38760418  0.43247342],[-0.13596115 -0.03036883  0.26843175  0.4537856 ],[-0.13157406 -0.02926953  0.26009764  0.44720622],[-0.00067181 -0.00154419  0.00018504  0.        ],1727361694.264916,[  5.86764011   3.85667424 -28.05085793 -18.92729036]
[-0.13430588 -0.03201422  0.38745067  0.43259516],[-0.13596115 -0.03036883  0.26843175  0.4537856 ],[-0.13160754 -0.02934674  0.26010667  0.44720622],[-0.00066964 -0.00154402  0.00018057  0.        ],1727361694.2663743,[  5.63129761   3.48027248 -28.01403983 -19.22815346]
[-0.13417687 -0.03176843  0.38743383  0.4325795 ],[-0.13596115 -0.03036883  0.26843175  0.4537856 ],[-0.13164105 -0.02942393  0.26011499  0.44720622],[-0.00067023 -0.00154386  0.00016645  0.        ],1727361694.26792,[  5.23588403   3.04843933 -28.00989401 -19.31481797]
[-0.13388647 -0.03153248  0.3873362   0.4326089 ],[-0.13587385 -0.03036876  0.26843162  0.4537856 ],[-0.13167461 -0.02950111  0.26012323  0.44720622],[-0.00067113 -0.00154371  0.00016486  0.        ],1727361694.2693698,[  4.49530026   2.63651184 -27.98578802 -19.25434269]
[-0.13359866 -0.03134882  0.38724846  0.43261614],[-0.13578656 -0.03036869  0.26843148  0.4537856 ],[-0.13170824 -0.02957829  0.26013102  0.44720622],[-0.00067261 -0.00154357  0.0001557   0.        ],1727361694.2708213,[  3.82444084   2.29971036 -27.96487673 -19.25540499]
[-0.13355646 -0.03137489  0.38715884  0.43264866],[-0.13578656 -0.03045604  0.26843162  0.4537856 ],[-0.13174193 -0.02965547  0.26013841  0.44720622],[-0.00067377 -0.00154346  0.00014779  0.        ],1727361694.27227,[  3.76248614   2.26231283 -27.94351531 -19.20041635]
[-0.13356523 -0.03137047  0.3870553   0.4326709 ],[-0.13578656 -0.03054339  0.26843175  0.4537856 ],[-0.13177562 -0.02973264  0.2601454   0.44720622],[-0.00067388 -0.00154344  0.00013976  0.        ],1727361694.2737434,[  3.73048838   2.150247   -27.91906288 -19.17592658]
[-0.13365266 -0.03102229  0.38694692  0.43271068],[-0.13587385 -0.03045611  0.26843175  0.4537856 ],[-0.13180932 -0.02980981  0.26015193  0.44720622],[-0.00067395 -0.0015434   0.00013062  0.        ],1727361694.2752259,[  3.87373427   1.53949217 -27.89373761 -19.1149937 ]
[-0.13367833 -0.03068089  0.3868271   0.43274438],[-0.13596115 -0.03036883  0.26843175  0.4537856 ],[-0.131843   -0.02988697  0.26015799  0.44720622],[-0.00067374 -0.00154324  0.00012121  0.        ],1727361694.2766795,[  3.83265607   0.98797566 -27.86593796 -19.07346409]
[-0.13349631 -0.03052809  0.38640264  0.4327563 ],[-0.13587385 -0.03036876  0.2683444   0.4537856 ],[-0.1318767  -0.02996413  0.26016353  0.44720622],[-0.00067382 -0.00154312  0.00011095  0.        ],1727361694.278228,[  3.30010094   0.71146019 -27.76827291 -19.06812583]
[-0.13326162 -0.03042306  0.38604856  0.43277147],[-0.13578656 -0.03036869  0.26825705  0.4537856 ],[-0.13191043 -0.03004128  0.26016731  0.44720622],[-6.74632040e-04 -1.54305628e-03  7.54563201e-05  0.00000000e+00],1727361694.279722,[  2.71833728   0.47784246 -27.69026974 -19.04659248]
[-0.13303702 -0.030477    0.38631988  0.43279406],[-0.13578656 -0.03045604  0.2683444   0.4537856 ],[-0.1319442  -0.03011843  0.26016969  0.44720622],[-6.75416074e-04 -1.54300487e-03  4.77275567e-05  0.00000000e+00],1727361694.2811708,[  2.18231372   0.46998592 -27.75574727 -19.01320513]
[-0.13288365 -0.03050832  0.38657463  0.43281522],[-0.13578656 -0.03054339  0.26843175  0.4537856 ],[-0.131978   -0.03019558  0.26017324  0.44720622],[-6.76058443e-04 -1.54299336e-03  7.09671769e-05  0.00000000e+00],1727361694.2826903,[  1.81913281   0.40625154 -27.8108363  -18.9859813 ]
[-0.13279879 -0.03036744  0.38650253  0.43282163],[-0.13578656 -0.03054339  0.26843175  0.4537856 ],[-0.13201182 -0.03027273  0.26017778  0.44720622],[-6.76459336e-04 -1.54297238e-03  9.08169114e-05  0.00000000e+00],1727361694.2841504,[  1.59806148   0.09375963 -27.7906692  -18.98461127]
[-0.13270912 -0.03021525  0.38643217  0.43281832],[-0.13578656 -0.03054339  0.26843175  0.4537856 ],[-0.13204566 -0.03034987  0.26018196  0.44720622],[-6.76695479e-04 -1.54291164e-03  8.35185876e-05  0.00000000e+00],1727361694.2856214,[  1.33802767  -0.2105748  -27.77429708 -18.99358829]
[-0.13271987 -0.03033848  0.38639942  0.4328236 ],[-0.13578656 -0.03054339  0.26843175  0.4537856 ],[-0.13207951 -0.03023091  0.26018584  0.44720622],[-6.76957078e-04  2.37915847e-03  7.76206730e-05  0.00000000e+00],1727361694.287164,[  1.32927447   0.17670224 -27.76661976 -18.98255709]
[-0.13261062 -0.03023141  0.38629955  0.43281263],[-0.13578656 -0.03054339  0.26843175  0.4537856 ],[-0.13211336 -0.03030806  0.26018958  0.44720622],[-6.76981974e-04 -1.54293019e-03  7.48633196e-05  0.00000000e+00],1727361694.2886136,[  0.98296218  -0.12758724 -27.74315204 -19.00480882]
[-0.13273042 -0.03039448  0.38598084  0.43281427],[-0.13578656 -0.03054339  0.26834454  0.4537856 ],[-0.13214722 -0.0301891   0.26019291  0.44720622],[-6.77303342e-04  2.37913313e-03  6.64674164e-05  0.00000000e+00],1727361694.2900903,[  1.25271696   0.31153015 -27.67010005 -18.99661762]
[-0.13269782 -0.03037763  0.38569385  0.43281698],[-0.13578656 -0.03054339  0.26825732  0.4537856 ],[-0.13218108 -0.03026625  0.26019494  0.44720622],[-6.77085093e-04 -1.54295748e-03  4.06454201e-05  0.00000000e+00],1727361694.2916183,[  1.05383615   0.13354778 -27.60684707 -18.99245702]
[-0.13259609 -0.03029138  0.3856468   0.43282583],[-0.13578656 -0.03054339  0.26825732  0.4537856 ],[-0.13221494 -0.0303434   0.26019587  0.44720622],[-6.77276723e-04 -1.54291872e-03  1.86653751e-05  0.00000000e+00],1727361694.2930846,[  0.74322854  -0.092093   -27.59871874 -18.97788523]
[-0.13262214 -0.03047244  0.38562816  0.43283394],[-0.13578656 -0.03054339  0.26825732  0.4537856 ],[-0.13224882 -0.03022444  0.26019666  0.44720622],[-6.77551768e-04  2.37912462e-03  1.58659780e-05  0.00000000e+00],1727361694.2945628,[  0.77716859   0.37036338 -27.59473784 -18.96752918]
[-0.1324674  -0.03038901  0.38564688  0.43283868],[-0.13578656 -0.03054339  0.26825732  0.4537856 ],[-0.13228269 -0.03030159  0.26019739  0.44720622],[-6.77541341e-04 -1.54296257e-03  1.44970351e-05  0.00000000e+00],1727361694.2960272,[  0.31181294   0.09238042 -27.59907301 -18.96287458]
[-0.13240075 -0.03024007  0.3855916   0.432837  ],[-0.13578656 -0.03054339  0.26825732  0.4537856 ],[-0.13231659 -0.03037874  0.26019819  0.44720622],[-6.77916295e-04 -1.54290763e-03  1.59878742e-05  0.00000000e+00],1727361694.2975178,[  0.13631479  -0.21545111 -27.58598603 -18.96817713]
[-0.13244763 -0.03041306  0.38560224  0.43286   ],[-0.13578656 -0.03054339  0.26825732  0.4537856 ],[-0.13235049 -0.03025978  0.26019876  0.44720622],[-6.78059086e-04  2.37916106e-03  1.14922721e-05  0.00000000e+00],1727361694.2989902,[  0.20810648   0.24418188 -27.5888678  -18.92599258]
[-0.13241856 -0.03026616  0.38545215  0.43295905],[-0.13578656 -0.03054339  0.26825732  0.4537856 ],[-0.13238439 -0.03033692  0.26019939  0.44720622],[-6.78025153e-04 -1.54293720e-03  1.24809479e-05  0.00000000e+00],1727361694.300445,[  0.04664201  -0.12553044 -27.55408665 -18.75874138]
[-0.13276494 -0.03023248  0.38532472  0.43402553],[-0.13587385 -0.03045611  0.26825732  0.45465827],[-0.1324183  -0.03021797  0.26019942  0.44720622],[-6.78155473e-04  2.37913374e-03  5.95782164e-07  0.00000000e+00],1727361694.3019302,[  0.84746746   0.03138635 -27.52627982 -16.88661178]
[-0.13291    -0.03002677  0.38530052  0.4351204 ],[-0.13596115 -0.03036883  0.26825732  0.45553094],[-0.13245218 -0.03029511  0.26019986  0.44720622],[-6.77568749e-04 -1.54290922e-03  8.83201033e-06  0.00000000e+00],1727361694.3033922,[  1.00060216  -0.39476836 -27.52190122 -15.42774389]
[-0.13284534 -0.03039896  0.38530043  0.43525627],[-0.13587385 -0.03045611  0.26825732  0.45553094],[-0.13248605 -0.03017615  0.26020037  0.44720622],[-6.77457714e-04  2.37921018e-03  1.03105846e-05  0.00000000e+00],1727361694.3048677,[  0.71214062   0.36451436 -27.52200651 -15.70872413]
[-0.13259391 -0.03050205  0.3853456   0.4352323 ],[-0.13578656 -0.03054339  0.26825732  0.45553094],[-0.13251994 -0.0302533   0.26020089  0.44720622],[-6.77712214e-04 -1.54296795e-03  1.02750505e-05  0.00000000e+00],1727361694.3063898,[  0.04228793   0.33206468 -27.53229116 -15.8170912 ]
[-0.13253987 -0.03039528  0.38570654  0.43527454],[-0.13587385 -0.03054333  0.26834454  0.45553094],[-0.13255385 -0.03033045  0.26020123  0.44720622],[-6.78226318e-04 -1.54295241e-03  6.79944681e-06  0.00000000e+00],1727361694.3078334,[ -0.06383709   0.0592126  -27.61480561 -15.72955274]
[-0.13244647 -0.03022274  0.38605475  0.4353106 ],[-0.13596115 -0.03054326  0.26843175  0.45553094],[-0.13239279 -0.03040759  0.2602023   0.44720622],[ 3.22126366e-03 -1.54289870e-03  2.14118441e-05  0.00000000e+00],1727361694.3092659,[  0.1388291   -0.27980346 -27.69103652 -15.68493148]
[-0.13287438 -0.03055789  0.38564926  0.43533018],[-0.13587385 -0.03063055  0.2683444   0.45553094],[-0.13242669 -0.03028863  0.2602047   0.44720622],[-6.78095442e-04  2.37918088e-03  4.79978067e-05  0.00000000e+00],1727361694.310757,[  1.0907644    0.42051653 -27.59369588 -15.66695824]
[-0.13282633 -0.03039836  0.38483763  0.43532366],[-0.13578656 -0.03071783  0.26825705  0.45553094],[-0.13246056 -0.03036578  0.26020541  0.44720622],[-6.77367593e-04 -1.54296254e-03  1.41389742e-05  0.00000000e+00],1727361694.3122077,[ 7.32194034e-01  9.07238215e-03 -2.74109031e+01 -1.56881233e+01]
[-0.13318875 -0.02905697  0.3825892   0.43531924],[-0.13578656 -0.03019426  0.26773347  0.45553094],[-0.13249444 -0.03044293  0.26020777  0.44720622],[-6.77683428e-04 -1.54288636e-03  4.72564448e-05  0.00000000e+00],1727361694.3136609,[  1.58041511  -2.03282417 -26.90122588 -15.69295713]
[-0.13355802 -0.0280534   0.3802742   0.43530932],[-0.13578656 -0.02967068  0.26720989  0.45553094],[-0.13252829 -0.03032394  0.26021798  0.44720622],[-0.00067695  0.0023798   0.00020432  0.        ],1727361694.3151035,[  2.28415052  -3.12392277 -26.38893377 -15.70868869]
